10.00 27.82 27.46 27.29
10.50 27.74 27.37 27.23
11.00 27.85 27.37 27.23
11.50 27.82 27.35 27.23
12.00 27.82 27.37 27.15
12.50 27.79 27.49 27.23
13.00 27.82 27.43 27.15
13.50 27.88 27.40 27.21
14.00 27.74 27.35 27.18
14.50 27.74 27.40 27.21
15.00 27.85 27.43 27.26
15.50 27.77 27.40 27.26
16.00 27.85 27.46 27.21
16.50 27.71 27.37 27.18
17.00 27.85 27.43 27.26
17.50 27.82 27.40 27.26
18.00 27.79 27.46 27.15
18.50 27.88 27.40 27.32
19.00 27.82 27.46 27.29
19.50 27.82 27.40 27.32
20.00 27.82 27.40 27.54
20.50 27.88 27.43 27.68
21.00 27.91 27.37 27.88
21.50 27.68 27.35 28.04
22.00 27.82 27.37 28.26
22.50 27.79 27.37 28.43
23.00 27.85 27.32 28.73
23.50 27.77 27.40 28.89
24.00 27.79 27.32 29.07
24.50 27.88 27.46 29.23
25.00 27.77 27.46 29.42
25.50 27.85 27.43 29.53
26.00 27.82 27.43 29.79
26.50 27.82 27.40 29.84
27.00 27.79 27.37 29.97
27.50 27.85 27.43 30.20
28.00 27.88 27.52 30.36
28.50 27.77 27.43 30.36
29.00 27.82 27.46 30.46
29.50 27.82 27.46 30.67
30.00 27.71 27.46 30.64
30.50 27.85 27.49 30.69
31.00 27.74 27.43 30.79
31.50 27.88 27.37 30.97
32.00 27.88 27.43 31.10
32.50 27.82 27.40 31.17
33.00 27.79 27.37 31.25
33.50 27.79 27.43 31.50
34.00 27.88 27.43 31.67
34.50 27.71 27.37 31.82
35.00 27.77 27.43 31.99
35.50 27.82 27.43 31.94
36.00 27.82 27.46 32.19
36.50 27.79 27.37 32.38
37.00 27.77 27.49 32.45
37.50 27.88 27.46 32.67
38.00 27.77 27.43 32.74
38.50 27.77 27.43 32.74
39.00 27.91 27.43 32.96
39.50 27.74 27.35 33.08
40.00 27.82 27.40 33.03
40.50 27.88 27.46 33.17
41.00 27.85 27.46 33.27
41.50 27.79 27.46 33.41
42.00 27.71 27.35 33.36
42.50 27.88 27.49 33.50
43.00 27.71 27.37 33.57
43.50 27.71 27.43 33.60
44.00 27.88 27.43 33.67
44.50 27.79 27.37 33.83
45.00 27.82 27.43 33.83
45.50 27.85 27.37 33.78
46.00 27.79 27.49 33.99
46.50 27.82 27.49 34.06
47.00 27.79 27.46 34.09
47.50 27.88 27.46 34.11
48.00 27.77 27.43 34.06
48.50 27.82 27.43 34.16
49.00 27.74 27.35 34.16
49.50 27.85 27.43 34.27
50.00 27.79 27.32 34.32
50.50 27.85 27.43 34.29
51.00 27.85 27.49 34.39
51.50 27.96 27.46 34.36
52.00 27.82 27.40 34.52
52.50 27.77 27.43 34.36
53.00 27.93 27.46 34.64
53.50 27.71 27.46 34.57
54.00 27.79 27.43 34.55
54.50 27.82 27.43 34.57
55.00 27.91 27.43 34.64
55.50 27.79 27.46 34.64
56.00 27.88 27.43 34.64
56.50 27.77 27.43 34.64
57.00 27.88 27.43 34.66
57.50 27.77 27.40 34.57
58.00 27.82 27.46 34.55
58.50 27.88 27.40 34.61
59.00 27.79 27.40 34.50
59.50 27.85 27.37 34.57
60.00 27.77 27.40 34.45
60.50 27.85 27.40 34.48
61.00 27.82 27.37 34.43
61.50 27.82 27.43 34.41
62.00 27.91 27.49 34.39
62.50 27.74 27.32 34.36
63.00 27.88 27.37 34.32
63.50 27.85 27.46 34.25
64.00 27.85 27.32 34.29
64.50 27.82 27.37 34.22
65.00 27.79 27.63 34.22
65.50 27.79 27.54 34.11
66.00 27.79 27.63 34.16
66.50 27.79 27.82 34.09
67.00 27.91 28.04 34.06
67.50 27.79 28.24 34.06
68.00 27.77 28.26 34.04
68.50 27.85 28.64 34.06
69.00 27.82 28.62 34.09
69.50 27.88 28.91 33.90
70.00 27.77 28.97 33.99
70.50 27.77 29.34 33.95
71.00 27.85 29.39 33.95
71.50 27.79 29.61 33.90
72.00 27.88 29.95 33.85
72.50 27.77 29.89 33.85
73.00 27.71 30.08 33.74
73.50 27.79 30.15 33.83
74.00 27.79 30.31 33.74
74.50 27.85 30.46 33.67
75.00 27.74 30.69 33.76
75.50 27.79 30.77 33.71
76.00 27.82 30.74 33.71
76.50 27.82 30.90 33.62
77.00 27.88 31.02 33.69
77.50 27.77 31.17 33.69
78.00 27.82 31.27 33.67
78.50 27.71 31.40 33.69
79.00 27.85 31.30 33.57
79.50 27.88 31.47 33.64
80.00 27.82 31.60 33.60
80.50 27.74 31.70 33.53
81.00 27.77 31.67 33.60
81.50 27.79 31.82 33.48
82.00 27.88 31.97 33.55
82.50 27.68 31.72 33.50
83.00 27.77 31.94 33.46
83.50 27.71 32.07 33.48
84.00 27.82 32.16 33.50
84.50 27.85 32.19 33.43
85.00 27.79 32.21 33.39
85.50 27.82 32.28 33.50
86.00 27.77 32.28 33.41
86.50 27.85 32.53 33.41
87.00 27.77 32.43 33.41
87.50 27.82 32.43 33.46
88.00 27.77 32.53 33.43
88.50 27.82 32.58 33.32
89.00 27.74 32.55 33.34
89.50 27.74 32.65 33.43
90.00 27.82 32.74 33.36
90.50 27.79 32.74 33.15
91.00 27.85 32.77 33.32
91.50 27.74 32.74 33.22
92.00 27.66 32.77 33.36
92.50 27.74 33.13 33.24
93.00 27.85 32.94 33.27
93.50 27.91 32.91 33.24
94.00 27.79 33.17 33.27
94.50 27.77 32.94 33.22
95.00 27.77 32.98 33.27
95.50 27.77 33.03 33.20
96.00 27.88 33.13 33.15
96.50 27.77 33.08 33.17
97.00 27.77 33.29 33.22
97.50 27.71 33.05 33.10
98.00 27.85 33.24 33.13
98.50 27.85 33.32 33.22
99.00 27.79 33.34 33.20
99.50 27.82 33.29 33.15
100.00 27.71 33.36 33.15
100.50 27.79 33.36 33.13
101.00 27.85 33.36 33.15
101.50 27.74 33.36 33.08
102.00 27.82 33.36 33.10
102.50 27.74 33.48 33.17
103.00 27.85 33.55 33.15
103.50 27.77 33.55 33.03
104.00 27.79 33.50 33.05
104.50 27.79 33.50 33.05
105.00 27.82 33.50 33.01
105.50 27.79 33.67 33.05
106.00 27.77 33.64 33.05
106.50 27.85 33.69 33.01
107.00 27.79 33.71 33.01
107.50 27.77 33.74 32.98
108.00 27.79 33.83 33.03
108.50 27.79 33.88 33.01
109.00 27.79 33.92 32.86
109.50 27.79 33.85 33.01
110.00 27.68 33.99 32.89
110.50 27.79 34.09 32.96
111.00 27.77 34.04 32.91
111.50 27.85 34.13 32.98
112.00 27.77 34.20 32.94
112.50 27.68 34.27 32.82
113.00 27.82 34.36 32.94
113.50 27.77 34.41 32.86
114.00 27.71 34.45 32.82
114.50 27.79 34.48 32.89
115.00 27.74 34.57 32.79
115.50 27.77 34.59 32.84
116.00 27.74 34.64 32.79
116.50 27.79 34.71 32.84
117.00 27.77 34.75 32.84
117.50 27.77 34.73 32.84
118.00 27.85 34.73 32.82
118.50 27.77 34.75 32.72
119.00 27.82 34.89 32.84
119.50 27.68 34.91 32.74
120.00 27.77 35.00 32.74
120.50 27.82 35.02 32.77
121.00 27.71 35.07 32.74
121.50 27.82 35.13 32.79
122.00 27.82 35.07 32.77
122.50 27.71 34.98 32.79
123.00 27.82 35.18 32.67
123.50 27.82 35.11 32.70
124.00 27.79 35.20 32.70
124.50 27.74 35.11 32.67
125.00 27.85 35.25 32.62
125.50 27.82 35.22 32.67
126.00 27.79 35.22 32.67
126.50 27.79 35.27 32.67
127.00 27.68 35.20 32.62
127.50 27.85 35.25 32.60
128.00 27.79 35.18 32.67
128.50 27.82 35.20 32.65
129.00 27.74 35.22 32.70
129.50 27.71 35.25 32.62
130.00 27.99 35.25 32.67
130.50 27.99 35.20 32.53
131.00 28.26 35.29 32.70
131.50 28.48 35.13 32.62
132.00 28.67 35.13 32.53
132.50 28.97 35.18 32.60
133.00 29.10 35.09 32.65
133.50 29.47 35.13 32.60
134.00 29.71 35.13 32.53
134.50 29.84 35.11 32.58
135.00 30.05 35.09 32.65
135.50 30.39 35.07 32.55
136.00 30.54 35.04 32.48
136.50 30.74 35.07 32.53
137.00 30.87 35.04 32.45
137.50 31.07 35.00 32.50
138.00 31.15 35.00 32.50
138.50 31.50 34.95 32.50
139.00 31.60 34.98 32.48
139.50 31.75 34.98 32.48
140.00 31.82 34.95 32.45
140.50 31.99 34.89 32.48
141.00 32.16 34.98 32.45
141.50 32.24 34.86 32.41
142.00 32.26 34.89 32.41
142.50 32.45 34.84 32.45
143.00 32.45 34.82 32.38
143.50 32.72 34.84 32.36
144.00 32.70 34.82 32.36
144.50 32.74 34.82 32.38
145.00 32.96 34.77 32.43
145.50 32.91 34.82 32.36
146.00 33.20 34.77 32.41
146.50 33.10 34.73 32.28
147.00 33.27 34.73 32.36
147.50 33.29 34.66 32.33
148.00 33.39 34.66 32.41
148.50 33.55 34.66 32.31
149.00 33.46 34.61 32.28
149.50 33.62 34.61 32.33
150.00 33.69 34.59 32.28
150.50 33.67 34.61 32.19
151.00 33.78 34.61 32.26
151.50 34.04 34.59 32.28
152.00 33.92 34.59 32.31
152.50 33.97 34.59 32.21
153.00 33.95 34.61 32.19
153.50 34.06 34.55 32.21
154.00 34.11 34.50 32.19
154.50 34.22 34.48 32.21
155.00 34.16 34.41 32.16
155.50 34.22 34.45 32.16
156.00 34.27 34.48 32.21
156.50 34.29 34.48 32.21
157.00 34.39 34.48 32.24
157.50 34.36 34.41 32.16
158.00 34.41 34.48 32.19
158.50 34.45 34.41 32.19
159.00 34.52 34.39 32.14
159.50 34.57 34.39 32.14
160.00 34.48 34.39 32.04
160.50 34.59 34.34 32.14
161.00 34.66 34.36 32.16
161.50 34.64 34.32 32.14
162.00 34.66 34.36 32.11
162.50 34.68 34.29 32.07
163.00 34.75 34.18 32.02
163.50 34.77 34.27 32.07
164.00 34.75 34.22 32.07
164.50 34.75 34.18 32.09
165.00 34.86 34.18 32.11
165.50 34.93 34.18 32.09
166.00 34.93 34.18 32.07
166.50 34.93 34.16 32.02
167.00 35.04 34.18 31.99
167.50 34.95 34.16 32.04
168.00 35.09 34.16 31.99
168.50 34.98 34.11 31.99
169.00 34.95 34.06 31.97
169.50 35.00 34.11 31.99
170.00 35.13 34.11 31.97
170.50 35.13 34.13 31.97
171.00 35.13 34.06 31.92
171.50 35.27 34.11 31.97
172.00 35.16 33.97 31.94
172.50 35.27 33.99 31.97
173.00 35.27 33.95 31.89
173.50 35.20 33.99 31.84
174.00 35.25 34.02 31.92
174.50 35.22 33.99 31.89
175.00 35.25 34.06 31.94
175.50 35.22 33.92 31.82
176.00 35.22 33.97 31.82
176.50 35.22 33.92 31.82
177.00 35.13 33.92 31.89
177.50 35.22 33.92 31.94
178.00 35.11 33.92 31.82
178.50 35.16 33.90 31.84
179.00 35.16 33.90 31.87
179.50 35.09 33.83 31.82
180.00 35.09 33.85 31.77
180.50 35.07 33.83 31.75
181.00 35.04 33.76 31.77
181.50 35.11 33.85 31.89
182.00 35.02 33.78 31.75
182.50 34.98 33.78 31.79
183.00 35.07 33.78 31.72
183.50 34.98 33.69 31.75
184.00 34.98 33.81 31.79
184.50 34.95 33.74 31.77
185.00 34.95 33.74 31.62
185.50 34.93 33.67 31.65
186.00 34.86 33.67 31.60
186.50 34.95 33.74 31.77
187.00 34.84 33.67 31.72
187.50 34.93 33.69 31.75
188.00 34.86 33.64 31.75
188.50 34.95 33.64 31.70
189.00 34.93 33.60 31.70
189.50 34.80 33.55 31.67
190.00 34.82 33.64 31.70
190.50 34.68 33.57 31.65
191.00 34.71 33.55 31.65
191.50 34.82 33.57 31.65
192.00 34.75 33.57 31.67
192.50 34.71 33.50 31.67
193.00 34.71 33.57 31.65
193.50 34.61 33.48 31.72
194.00 34.66 33.55 31.67
194.50 34.66 33.50 31.57
195.00 34.66 33.48 31.67
195.50 34.66 33.48 31.60
196.00 34.64 33.46 31.60
196.50 34.68 33.46 31.57
197.00 34.61 33.46 31.52
197.50 34.59 33.46 31.60
198.00 34.61 33.39 31.50
198.50 34.61 33.46 31.65
199.00 34.52 33.39 31.52
199.50 34.61 33.46 31.55
200.00 34.52 33.34 31.60
200.50 34.43 33.39 31.52
201.00 34.55 33.41 31.52
201.50 34.45 33.29 31.47
202.00 34.50 33.32 31.55
202.50 34.43 33.34 31.50
203.00 34.43 33.29 31.47
203.50 34.41 33.27 31.47
204.00 34.39 33.29 31.47
204.50 34.41 33.32 31.45
205.00 34.36 33.24 31.47
205.50 34.39 33.22 31.37
206.00 34.36 33.24 31.40
206.50 34.36 33.22 31.40
207.00 34.32 33.27 31.52
207.50 34.39 33.22 31.45
208.00 34.34 33.17 31.45
208.50 34.36 33.22 31.42
209.00 34.25 33.13 31.32
209.50 34.29 33.20 31.45
210.00 34.22 33.13 31.37
210.50 34.20 33.10 31.32
211.00 34.25 33.13 31.45
211.50 34.20 33.13 31.37
212.00 34.20 33.15 31.37
212.50 34.16 33.08 31.42
213.00 34.16 33.13 31.40
213.50 34.22 33.10 31.35
214.00 34.13 33.01 31.35
214.50 34.18 33.03 31.30
215.00 34.06 32.98 31.30
215.50 34.18 33.01 31.30
216.00 34.11 33.01 31.30
216.50 34.06 32.98 31.25
217.00 34.13 32.98 31.30
217.50 34.04 32.96 31.25
218.00 34.13 32.98 31.30
218.50 33.99 32.98 31.27
219.00 33.97 32.94 31.15
219.50 34.06 32.96 31.30
