0.00 29.21 28.67 26.14
0.01 28.94 28.40 26.14
0.02 27.57 29.74 26.14
0.03 29.21 28.67 26.72
0.04 29.21 28.40 26.14
0.05 29.21 30.00 25.55
0.06 29.47 28.40 26.43
0.07 29.21 27.57 26.14
0.08 28.94 28.40 27.29
0.09 29.47 27.85 25.85
0.10 29.21 28.67 26.72
0.11 29.21 28.40 26.14
0.12 29.21 28.40 26.14
0.13 29.21 28.67 26.14
0.14 30.51 28.67 26.14
0.15 28.94 28.40 26.43
0.16 29.21 28.67 26.14
0.17 28.13 28.67 25.85
0.18 29.47 28.67 26.14
0.19 28.67 29.74 25.55
0.20 29.21 28.94 26.14
0.21 28.94 29.21 26.14
0.22 28.94 28.67 26.14
0.23 28.94 28.94 26.43
0.24 27.57 28.67 26.43
0.25 29.21 30.00 26.72
0.26 29.47 27.57 26.43
0.27 28.94 28.67 26.43
0.28 29.47 29.21 26.72
0.29 29.47 27.85 25.55
0.30 29.21 28.94 25.85
0.31 29.47 28.67 26.43
0.32 29.47 28.67 26.43
0.33 29.74 28.67 26.14
0.34 30.26 28.94 26.43
0.35 29.21 29.21 26.43
0.36 30.51 28.40 26.43
0.37 29.21 28.94 26.43
0.38 29.21 29.47 26.43
0.39 29.47 28.67 26.43
0.40 30.26 28.13 25.85
0.41 29.21 28.40 26.72
0.42 28.94 29.47 26.14
0.43 31.27 28.94 26.43
0.44 29.21 28.40 26.43
0.45 30.26 28.67 26.72
0.46 29.21 28.94 24.64
0.47 29.21 28.67 28.40
0.48 29.74 28.94 26.72
0.49 29.47 29.74 26.72
0.50 29.21 28.67 27.29
0.51 29.74 28.94 26.43
0.52 29.47 28.67 26.43
0.53 29.47 29.21 26.72
0.54 29.47 28.94 26.43
0.55 29.47 28.67 27.01
0.56 29.47 28.94 26.43
0.57 29.74 28.94 26.43
0.58 29.47 28.94 26.72
0.59 29.47 28.94 26.72
0.60 29.47 29.74 26.43
0.61 29.47 27.57 27.01
0.62 30.77 28.94 26.72
0.63 29.47 28.94 27.01
0.64 29.74 28.13 27.57
0.65 29.47 28.94 26.43
0.66 29.47 28.94 26.43
0.67 30.00 28.67 26.72
0.68 29.47 29.21 27.01
0.69 29.47 28.67 25.55
0.70 29.21 29.21 27.57
0.71 29.74 28.94 26.72
0.72 29.47 28.94 26.43
0.73 29.74 29.21 26.72
0.74 30.00 28.67 27.01
0.75 29.74 29.74 26.72
0.76 29.74 28.94 26.72
0.77 29.21 28.67 26.72
0.78 29.47 28.94 26.72
0.79 29.74 28.94 26.72
0.80 29.21 27.57 26.43
0.81 30.00 27.57 27.01
0.82 29.21 28.94 27.57
0.83 29.21 29.21 27.01
0.84 29.74 29.21 27.01
0.85 30.00 29.47 26.43
0.86 29.74 29.47 26.72
0.87 30.00 29.21 27.01
0.88 29.74 28.94 26.72
0.89 29.47 29.21 27.01
0.90 29.47 29.74 27.01
0.91 29.74 29.47 27.57
0.92 29.74 27.85 26.43
0.93 29.74 28.94 28.40
0.94 29.47 29.74 26.43
0.95 29.47 28.94 27.29
0.96 30.00 29.21 27.01
0.97 29.47 29.47 27.01
0.98 29.47 29.21 27.01
0.99 29.47 29.21 27.01
1.00 29.47 28.94 27.01
1.01 29.21 28.94 27.29
1.02 30.00 29.21 26.72
1.03 29.21 29.21 27.01
1.04 29.47 29.21 27.01
1.05 28.94 28.94 26.43
1.06 30.00 28.94 27.01
1.07 30.00 29.21 27.01
1.08 29.74 28.94 27.85
1.09 29.74 29.21 27.85
1.10 30.26 28.67 27.57
1.11 32.98 28.13 28.13
1.12 30.00 28.67 27.29
1.13 30.00 28.13 28.13
1.14 29.74 28.94 27.01
1.15 30.26 29.21 27.01
1.16 29.74 28.67 27.85
1.17 29.74 29.21 28.13
1.18 29.74 28.67 26.43
1.19 30.00 31.02 28.67
1.20 30.00 28.94 27.29
1.21 30.00 28.13 28.40
1.22 29.74 27.57 28.40
1.23 29.74 28.40 27.57
1.24 29.74 28.40 28.40
1.25 30.00 28.13 28.13
1.26 29.47 29.21 27.29
1.27 29.47 28.13 28.67
1.28 30.00 29.21 27.01
1.29 30.26 28.40 28.13
1.30 30.77 28.94 27.29
1.31 30.26 28.67 28.67
1.32 30.00 28.67 28.94
1.33 30.00 28.40 28.13
1.34 30.00 27.57 28.40
1.35 29.74 28.40 28.40
1.36 30.00 28.13 28.40
1.37 30.00 28.13 28.67
1.38 29.21 28.13 28.13
1.39 29.74 28.40 27.85
1.40 30.26 28.13 28.13
1.41 30.26 28.13 28.40
1.42 28.94 28.40 28.13
1.43 30.77 27.85 29.21
1.44 30.26 28.94 28.40
1.45 26.43 28.40 28.13
1.46 27.85 28.67 28.13
1.47 28.13 28.67 28.40
1.48 28.94 28.40 28.67
1.49 29.74 28.94 27.85
1.50 30.00 28.40 28.94
1.51 30.51 27.85 28.40
1.52 30.26 29.47 28.13
1.53 29.74 29.21 27.29
1.54 30.00 28.13 27.29
1.55 29.47 30.77 28.40
1.56 30.26 28.94 30.26
1.57 30.00 28.67 28.40
1.58 30.26 29.47 27.29
1.59 30.51 29.47 27.85
1.60 30.26 28.40 28.40
1.61 30.26 28.67 28.40
1.62 30.26 28.94 27.57
1.63 30.26 28.94 27.85
1.64 30.26 29.74 27.29
1.65 30.26 28.67 28.13
1.66 29.21 29.47 27.29
1.67 30.00 28.40 28.67
1.68 30.26 29.47 28.40
1.69 30.26 28.13 29.21
1.70 30.26 27.85 28.13
1.71 30.26 27.29 28.67
1.72 29.74 28.40 28.67
1.73 30.26 28.67 28.13
1.74 30.00 29.74 27.01
1.75 30.26 28.40 28.67
1.76 30.77 28.40 28.67
1.77 29.74 28.40 28.94
1.78 30.00 28.13 28.67
1.79 30.26 28.67 28.13
1.80 29.47 28.40 29.21
1.81 30.00 28.40 28.40
1.82 30.51 30.26 28.13
1.83 30.26 29.21 27.29
1.84 30.26 28.67 27.57
1.85 30.26 28.94 28.40
1.86 30.26 29.47 27.29
1.87 30.26 28.94 28.40
1.88 30.26 28.40 28.40
1.89 30.26 29.47 27.85
1.90 30.26 29.47 27.29
1.91 30.26 28.40 28.40
1.92 30.26 28.40 28.67
1.93 30.51 29.21 28.40
1.94 29.74 28.13 28.40
1.95 30.26 28.40 28.94
1.96 30.00 28.40 28.94
1.97 30.26 28.40 28.67
1.98 30.26 28.67 27.01
1.99 30.51 29.21 29.21
2.00 30.26 28.67 29.21
2.01 30.77 28.40 28.94
2.02 30.26 28.67 28.13
2.03 30.26 28.67 28.67
2.04 29.74 27.85 28.13
2.05 30.26 28.94 28.40
2.06 30.51 28.40 28.67
2.07 29.74 28.13 28.13
2.08 30.26 27.29 28.67
2.09 30.26 29.74 27.57
2.10 30.26 29.74 28.40
2.11 30.26 28.94 28.67
2.12 30.26 30.00 28.40
2.13 30.00 29.47 28.40
2.14 30.26 29.47 27.57
2.15 30.26 29.47 28.13
2.16 30.26 30.00 26.72
2.17 30.26 29.74 27.57
2.18 30.26 30.26 27.57
2.19 30.51 29.74 27.85
2.20 30.26 30.00 27.85
2.21 30.51 29.47 28.40
2.22 30.51 29.74 27.57
2.23 30.26 28.94 27.57
2.24 30.51 29.74 27.85
2.25 30.26 29.74 28.13
2.26 29.74 29.74 28.94
2.27 30.26 29.74 28.13
2.28 30.26 30.00 27.85
2.29 30.51 29.74 27.85
2.30 30.51 30.00 27.85
2.31 30.26 29.74 28.40
2.32 30.26 29.21 28.13
2.33 30.26 29.21 27.57
2.34 30.26 29.74 28.13
2.35 30.00 29.47 28.13
2.36 30.26 29.74 28.94
2.37 30.51 29.21 28.13
2.38 31.52 30.00 27.57
2.39 29.74 30.00 28.13
2.40 30.51 30.77 27.57
2.41 30.26 29.74 27.57
2.42 30.00 29.74 28.40
2.43 28.67 30.00 28.40
2.44 30.51 30.00 28.67
2.45 29.74 30.00 28.94
2.46 28.94 29.74 28.13
2.47 30.26 29.74 28.13
2.48 30.51 29.74 26.72
2.49 30.00 30.00 28.40
2.50 30.26 30.00 28.40
2.51 30.26 29.74 28.40
2.52 30.00 29.74 28.13
2.53 31.27 29.74 28.40
2.54 30.51 29.74 28.40
2.55 29.47 29.74 28.67
2.56 30.00 30.00 28.13
2.57 29.74 30.00 28.40
2.58 30.26 30.26 27.85
2.59 29.74 29.74 28.67
2.60 30.00 29.74 28.13
2.61 30.26 30.00 28.40
2.62 30.26 29.74 28.94
2.63 30.00 29.74 30.77
2.64 30.51 30.26 28.13
2.65 30.00 29.74 30.51
2.66 30.00 29.21 28.40
2.67 30.26 30.00 28.94
2.68 30.26 29.74 28.40
2.69 30.26 30.00 28.67
2.70 30.00 30.00 28.67
2.71 30.26 30.00 28.40
2.72 30.00 29.74 28.40
2.73 30.51 29.74 28.40
2.74 30.00 30.00 28.67
2.75 31.02 29.74 29.74
2.76 29.74 30.26 28.94
2.77 30.00 30.26 27.01
2.78 30.00 29.74 28.67
2.79 30.26 30.00 28.13
2.80 31.02 29.47 28.67
2.81 30.00 30.00 25.25
2.82 31.52 29.74 28.94
2.83 30.00 29.47 29.21
2.84 31.27 30.51 27.29
2.85 30.26 29.21 28.40
2.86 30.00 29.47 27.85
2.87 29.47 29.74 28.67
2.88 30.26 29.47 28.40
2.89 30.26 30.00 28.67
2.90 30.26 29.74 28.67
2.91 30.51 30.26 28.67
2.92 30.00 30.00 28.94
2.93 30.51 29.21 28.67
2.94 30.51 30.26 28.13
2.95 28.40 31.02 28.40
2.96 28.40 30.51 28.40
2.97 30.00 30.77 29.74
2.98 30.00 29.74 28.40
2.99 30.51 30.00 28.40
3.00 30.26 30.00 29.21
3.01 30.51 30.00 28.94
3.02 30.51 29.47 28.67
3.03 30.26 30.26 28.67
3.04 30.26 30.26 28.67
3.05 30.00 30.51 30.26
3.06 30.26 28.67 28.40
3.07 30.00 30.00 28.67
3.08 30.51 30.26 28.94
3.09 30.26 30.00 28.67
3.10 30.26 30.00 28.94
3.11 30.51 29.74 28.67
3.12 30.00 28.67 29.74
3.13 30.26 30.26 28.94
3.14 30.51 30.51 28.67
3.15 30.26 30.51 28.94
3.16 30.00 30.51 28.94
3.17 29.21 29.74 28.67
3.18 30.00 30.00 28.67
3.19 30.26 30.26 28.94
3.20 30.26 30.77 28.94
3.21 30.51 30.00 31.02
3.22 30.26 30.77 28.94
3.23 30.51 30.00 28.67
3.24 30.77 29.74 29.21
3.25 30.51 30.00 28.94
3.26 30.26 30.26 28.94
3.27 30.26 30.26 28.94
3.28 30.51 30.00 28.67
3.29 30.26 30.51 28.94
3.30 30.26 30.51 28.94
3.31 29.47 30.00 28.94
3.32 29.47 30.26 28.94
3.33 30.26 31.52 29.21
3.34 30.00 30.26 30.26
3.35 30.26 30.26 28.94
3.36 30.51 30.26 29.21
3.37 30.00 30.00 30.00
3.38 31.02 29.74 29.47
3.39 30.00 30.51 29.74
3.40 30.26 30.26 28.40
3.41 30.00 29.74 29.21
3.42 30.26 30.77 29.21
3.43 28.13 30.77 28.40
3.44 30.26 30.00 30.00
3.45 30.26 30.00 29.21
3.46 29.74 29.47 30.00
3.47 30.51 28.13 29.74
3.48 30.51 29.47 28.67
3.49 30.26 30.51 29.47
3.50 30.26 30.00 29.47
3.51 30.26 30.26 30.00
3.52 30.26 30.51 29.21
3.53 30.26 30.00 30.00
3.54 30.26 30.00 29.74
3.55 30.26 30.77 29.21
3.56 30.26 30.51 28.94
3.57 30.26 30.26 29.47
3.58 30.51 30.77 29.47
3.59 30.26 30.51 29.21
3.60 30.00 30.51 28.94
3.61 30.51 31.77 30.00
3.62 30.51 32.74 28.94
3.63 30.26 30.26 28.67
3.64 30.26 29.74 29.74
3.65 30.26 29.74 30.00
3.66 30.26 30.00 30.26
3.67 30.26 30.00 30.00
3.68 30.26 30.00 29.74
3.69 30.00 29.21 30.00
3.70 30.26 30.26 30.00
3.71 30.00 30.26 30.00
3.72 30.00 30.26 29.47
3.73 30.00 30.77 30.00
3.74 30.00 30.51 29.74
3.75 31.27 29.74 30.26
3.76 30.26 31.77 29.74
3.77 30.26 30.26 30.00
3.78 30.26 29.74 30.26
3.79 29.74 30.00 30.26
3.80 30.51 29.74 29.74
3.81 30.00 30.77 30.26
3.82 30.51 30.51 30.26
3.83 30.51 29.74 30.00
3.84 30.00 30.00 30.26
3.85 30.26 30.26 28.13
3.86 30.26 30.00 30.26
3.87 32.02 28.94 30.26
3.88 30.77 29.47 30.26
3.89 30.26 30.00 30.00
3.90 30.00 30.26 30.26
3.91 30.26 30.77 29.74
3.92 29.47 30.00 30.00
3.93 30.00 30.00 28.67
3.94 30.51 30.26 30.26
3.95 30.26 29.74 30.26
3.96 30.26 30.00 30.00
3.97 30.00 30.51 29.74
3.98 30.26 30.26 30.26
3.99 30.26 30.51 30.51
4.00 31.02 30.26 30.26
4.01 30.77 30.26 30.51
4.02 30.26 30.26 30.26
4.03 30.51 30.26 30.51
4.04 30.26 30.51 30.26
4.05 30.00 30.26 30.51
4.06 29.74 31.02 30.00
4.07 30.51 30.26 30.26
4.08 30.00 30.26 30.51
4.09 30.26 30.26 30.26
4.10 30.00 30.51 30.00
4.11 30.26 30.51 30.51
4.12 30.26 30.26 30.00
4.13 30.26 30.26 30.26
4.14 30.26 30.51 29.47
4.15 30.26 30.51 30.51
4.16 30.26 30.26 30.26
4.17 30.00 30.51 30.77
4.18 30.26 29.47 30.51
4.19 31.77 30.51 30.00
4.20 30.26 30.51 30.26
4.21 30.00 30.51 30.51
4.22 30.51 30.26 30.26
4.23 30.00 30.77 30.51
4.24 30.00 31.27 30.51
4.25 30.00 30.51 29.47
4.26 32.02 30.26 30.77
4.27 30.26 30.51 30.26
4.28 29.21 30.00 30.51
4.29 31.77 31.02 30.77
4.30 32.02 30.77 30.51
4.31 30.51 30.77 31.02
4.32 30.00 30.00 31.27
4.33 31.02 30.00 30.51
4.34 31.27 30.51 30.77
4.35 29.74 31.02 30.77
4.36 29.74 30.51 31.02
4.37 30.26 31.52 30.51
4.38 30.26 30.77 30.51
4.39 30.26 30.51 30.51
4.40 30.00 30.77 30.77
4.41 30.26 31.02 31.02
4.42 30.00 30.77 31.02
4.43 30.26 30.77 30.00
4.44 30.26 31.02 30.77
4.45 30.26 30.51 30.51
4.46 30.77 28.94 31.02
4.47 30.00 30.51 30.26
4.48 30.51 30.77 31.02
4.49 30.51 30.77 30.77
4.50 30.00 31.02 30.77
4.51 29.47 30.77 30.77
4.52 30.26 30.00 30.77
4.53 30.00 30.77 30.77
4.54 30.26 31.02 31.02
4.55 28.40 30.51 30.77
4.56 30.26 30.77 30.77
4.57 30.26 30.77 31.77
4.58 30.26 30.26 30.77
4.59 30.26 31.02 30.77
4.60 30.26 31.02 31.02
4.61 29.74 30.26 31.02
4.62 30.26 30.51 30.77
4.63 29.47 30.77 30.77
4.64 30.00 30.77 31.02
4.65 30.00 30.77 30.51
4.66 30.26 31.02 31.02
4.67 30.00 30.77 30.77
4.68 30.00 31.27 31.02
4.69 30.26 30.77 32.02
4.70 30.26 31.02 30.77
4.71 29.74 31.27 30.51
4.72 30.51 30.51 31.02
4.73 30.00 30.77 31.02
4.74 29.74 30.77 31.02
4.75 30.00 31.02 31.02
4.76 30.00 31.02 31.02
4.77 30.00 30.77 31.02
4.78 30.26 31.02 30.77
4.79 30.26 31.02 31.02
4.80 30.26 31.02 31.02
4.81 30.00 31.02 31.27
4.82 30.26 31.02 31.27
4.83 30.26 31.27 31.02
4.84 30.00 31.02 31.27
4.85 29.21 30.77 30.77
4.86 30.00 31.02 30.77
4.87 30.26 30.26 31.52
4.88 30.26 29.74 31.52
4.89 30.77 31.27 30.51
4.90 30.00 31.27 30.77
4.91 29.74 30.77 31.52
4.92 30.26 31.52 31.02
4.93 30.26 30.77 31.27
4.94 29.21 31.27 30.77
4.95 30.00 30.51 30.77
4.96 30.00 31.52 30.77
4.97 30.26 31.52 30.51
4.98 30.77 31.27 30.77
4.99 29.47 31.02 31.27
5.00 30.26 31.02 31.27
5.01 30.51 31.27 31.02
5.02 30.77 30.77 31.27
5.03 29.74 31.02 31.52
5.04 30.51 30.77 31.02
5.05 30.00 31.27 31.77
5.06 30.00 31.02 31.02
5.07 30.00 31.27 31.27
5.08 30.00 31.27 31.27
5.09 30.26 31.27 31.27
5.10 30.26 31.02 31.27
5.11 29.47 31.52 31.27
5.12 30.51 32.02 31.27
5.13 30.00 31.27 31.27
5.14 30.26 31.52 31.27
5.15 30.00 31.52 31.02
5.16 30.00 31.27 31.27
5.17 30.00 31.27 31.52
5.18 30.00 30.77 31.52
5.19 30.26 31.27 31.27
5.20 30.00 31.27 31.27
5.21 30.00 32.02 31.27
5.22 30.26 31.02 31.02
5.23 30.00 31.77 31.27
5.24 30.00 32.50 31.52
5.25 30.26 30.77 32.02
5.26 30.77 31.27 31.27
5.27 30.00 31.52 31.27
5.28 30.00 30.77 31.52
5.29 30.26 31.52 31.27
5.30 28.94 31.52 31.27
5.31 30.00 31.52 31.52
5.32 29.74 31.52 31.27
5.33 30.00 31.52 31.52
5.34 29.21 31.52 31.02
5.35 30.77 31.27 31.77
5.36 29.74 31.02 31.02
5.37 30.26 32.02 30.51
5.38 30.26 31.52 31.27
5.39 29.74 31.27 31.27
5.40 30.00 31.27 31.27
5.41 30.00 31.52 30.77
5.42 30.26 31.02 31.77
5.43 30.26 31.27 31.27
5.44 29.21 31.52 31.02
5.45 30.00 32.26 31.52
5.46 30.00 31.02 33.69
5.47 29.74 30.77 32.02
5.48 32.26 31.52 31.77
5.49 30.26 31.27 31.52
5.50 30.00 31.52 31.52
5.51 30.26 31.27 31.77
5.52 30.26 31.52 31.52
5.53 30.00 31.27 31.77
5.54 30.00 31.02 31.27
5.55 30.26 31.52 31.27
5.56 30.00 31.77 31.52
5.57 30.26 31.52 31.27
5.58 29.74 31.52 31.77
5.59 30.00 31.27 31.52
5.60 30.00 31.77 31.77
5.61 30.51 31.02 32.98
5.62 30.77 31.77 31.52
5.63 28.13 31.77 31.52
5.64 30.00 31.77 31.02
5.65 30.26 30.51 30.77
5.66 30.00 31.77 31.52
5.67 30.00 31.27 31.52
5.68 29.74 31.27 31.52
5.69 30.00 31.77 31.52
5.70 30.00 32.02 31.77
5.71 30.26 31.77 32.02
5.72 30.00 31.52 31.77
5.73 30.26 31.27 31.77
5.74 30.00 31.52 31.52
5.75 29.47 31.27 32.26
5.76 30.00 31.27 31.77
5.77 29.74 31.77 31.27
5.78 30.51 31.52 30.77
5.79 30.00 31.77 32.02
5.80 30.00 31.77 31.77
5.81 30.26 31.52 31.77
5.82 29.74 31.02 31.77
5.83 29.74 31.52 31.52
5.84 30.00 31.77 31.52
5.85 29.21 31.77 31.77
5.86 30.00 31.52 31.77
5.87 30.00 31.77 31.77
5.88 30.26 33.46 32.26
5.89 30.26 31.77 31.52
5.90 30.26 32.02 31.77
5.91 29.74 31.52 31.77
5.92 30.26 31.27 31.52
5.93 30.00 31.77 31.77
5.94 30.00 32.02 31.77
5.95 29.21 31.27 32.02
5.96 30.51 31.52 32.26
5.97 30.26 31.27 32.02
5.98 30.26 31.52 31.77
5.99 30.00 31.77 31.77
6.00 30.51 32.02 31.02
6.01 28.67 33.22 31.77
6.02 30.00 31.77 29.21
6.03 30.00 31.77 28.94
6.04 30.00 31.52 31.77
6.05 30.00 30.26 32.02
6.06 30.00 31.27 31.52
6.07 29.21 32.02 31.77
6.08 29.74 31.77 32.02
6.09 29.74 31.77 32.02
6.10 30.00 31.77 32.02
6.11 29.74 31.77 31.77
6.12 30.00 32.02 31.52
6.13 30.26 32.02 31.77
6.14 29.74 32.02 32.26
6.15 30.26 32.02 32.74
6.16 30.00 31.52 32.02
6.17 30.00 31.52 32.02
6.18 30.26 31.77 32.50
6.19 29.21 31.52 31.77
6.20 30.00 31.77 32.02
6.21 30.26 31.52 32.02
6.22 30.00 32.02 32.02
6.23 30.00 32.26 32.02
6.24 30.00 32.26 31.77
6.25 29.74 32.02 31.77
6.26 30.00 32.02 32.02
6.27 30.26 32.02 32.26
6.28 30.00 31.77 31.77
6.29 30.00 32.02 31.77
6.30 30.26 32.02 32.26
6.31 30.77 31.52 31.52
6.32 30.00 31.77 32.50
6.33 30.26 32.02 33.46
6.34 31.27 32.50 31.52
6.35 30.00 31.27 32.02
6.36 30.26 32.98 32.50
6.37 30.00 31.77 32.26
6.38 29.74 31.52 32.26
6.39 30.00 31.77 32.50
6.40 30.00 31.77 32.26
6.41 30.26 32.02 32.26
6.42 30.00 31.77 32.50
6.43 30.00 32.26 32.02
6.44 29.74 32.74 32.50
6.45 30.00 32.02 32.26
6.46 29.74 31.77 32.26
6.47 29.74 32.02 32.26
6.48 30.26 32.02 32.02
6.49 29.74 31.77 32.02
6.50 30.00 32.26 32.02
6.51 29.74 31.77 32.26
6.52 29.74 31.77 32.02
6.53 30.51 32.50 32.02
6.54 29.74 32.02 32.02
6.55 30.00 32.02 32.26
6.56 30.00 31.77 32.26
6.57 30.00 31.77 32.26
6.58 30.26 32.02 32.50
6.59 29.74 32.02 32.26
6.60 30.00 31.77 32.02
6.61 30.00 32.02 32.26
6.62 28.94 32.02 32.02
6.63 30.26 32.74 31.27
6.64 30.00 31.77 31.52
6.65 29.74 32.02 32.02
6.66 29.74 32.02 32.26
6.67 29.74 32.02 32.26
6.68 30.26 32.02 32.26
6.69 29.74 31.77 32.26
6.70 30.00 32.02 31.27
6.71 29.74 32.98 32.02
6.72 29.74 32.02 31.52
6.73 29.74 32.02 32.26
6.74 30.00 32.02 32.50
6.75 29.74 32.02 32.26
6.76 30.00 32.02 32.02
6.77 29.74 32.26 33.92
6.78 30.00 31.77 32.26
6.79 30.00 32.02 32.26
6.80 30.00 31.77 32.50
6.81 30.26 32.26 32.26
6.82 30.26 31.77 32.26
6.83 30.00 32.02 31.02
6.84 30.00 32.02 32.50
6.85 30.00 32.26 32.50
6.86 30.00 32.26 32.02
6.87 30.00 32.02 32.26
6.88 30.00 32.26 32.26
6.89 30.00 32.26 32.26
6.90 29.74 32.26 32.26
6.91 30.26 32.50 31.52
6.92 30.26 33.22 31.02
6.93 29.74 32.02 32.26
6.94 30.26 32.50 32.50
6.95 30.51 32.02 32.50
6.96 29.74 32.26 32.26
6.97 30.00 31.52 32.50
6.98 30.26 32.02 32.26
6.99 30.00 32.26 32.50
7.00 30.00 32.26 32.26
7.01 29.74 32.26 32.02
7.02 29.74 32.26 32.98
7.03 30.26 32.50 32.26
7.04 30.00 32.26 32.26
7.05 29.74 32.02 32.26
7.06 30.00 32.50 32.98
7.07 30.00 31.52 32.50
7.08 30.00 32.26 32.50
7.09 30.00 32.26 32.26
7.10 30.26 32.26 32.26
7.11 30.00 32.26 32.26
7.12 30.00 32.26 32.26
7.13 30.26 32.02 32.50
7.14 30.00 32.26 32.26
7.15 29.74 32.74 32.26
7.16 29.47 32.26 34.39
7.17 29.74 31.77 32.26
7.18 30.00 32.26 32.26
7.19 29.74 32.26 32.26
7.20 30.00 32.50 32.02
7.21 30.00 32.50 32.26
7.22 30.00 31.52 32.26
7.23 30.00 32.50 32.26
7.24 30.00 32.02 32.26
7.25 30.00 32.26 32.26
7.26 30.00 32.26 32.02
7.27 29.74 32.50 32.02
7.28 30.00 32.50 32.50
7.29 30.26 32.26 32.02
7.30 30.00 32.50 31.77
7.31 30.00 32.26 32.02
7.32 30.00 32.26 31.77
7.33 30.00 32.26 32.26
7.34 28.94 31.77 32.98
7.35 30.00 32.50 32.26
7.36 29.74 32.26 32.50
7.37 29.47 32.50 32.50
7.38 30.00 32.50 32.50
7.39 30.00 32.26 32.98
7.40 30.00 32.74 32.26
7.41 30.00 32.26 32.26
7.42 30.26 32.26 32.50
7.43 28.67 32.50 32.50
7.44 30.00 34.16 32.74
7.45 29.74 32.74 31.77
7.46 29.21 32.26 32.26
7.47 30.26 32.50 32.50
7.48 30.26 32.02 32.50
7.49 29.74 32.50 31.02
7.50 29.74 32.26 33.22
7.51 29.74 32.26 32.26
7.52 29.74 32.50 32.50
7.53 30.00 32.74 32.50
7.54 30.26 32.50 32.98
7.55 29.74 32.50 32.74
7.56 30.00 32.26 32.50
7.57 29.74 32.50 32.50
7.58 30.00 32.50 32.74
7.59 30.26 33.22 32.02
7.60 28.67 32.26 32.50
7.61 30.51 32.50 32.26
7.62 29.74 32.74 32.50
7.63 29.74 32.50 31.77
7.64 30.00 32.50 32.74
7.65 29.74 32.50 32.50
7.66 30.26 32.50 32.50
7.67 29.74 32.50 32.26
7.68 30.00 32.50 32.26
7.69 30.00 32.50 32.50
7.70 29.74 32.50 31.27
7.71 30.77 32.50 32.74
7.72 30.26 32.26 32.50
7.73 30.00 32.74 32.02
7.74 30.26 32.50 32.02
7.75 30.00 32.50 32.50
7.76 30.00 32.50 32.50
7.77 30.00 32.26 32.26
7.78 29.74 32.50 32.50
7.79 30.00 32.50 32.50
7.80 30.26 33.22 32.02
7.81 29.74 32.26 32.50
7.82 30.00 32.50 32.50
7.83 29.74 32.50 32.50
7.84 29.74 31.77 32.50
7.85 29.74 32.50 32.50
7.86 29.74 32.74 32.74
7.87 30.00 32.50 32.50
7.88 30.00 32.74 32.50
7.89 29.74 31.77 32.74
7.90 29.47 32.74 32.50
7.91 29.74 32.74 32.50
7.92 30.00 32.26 32.74
7.93 30.00 32.98 32.74
7.94 30.00 32.02 32.26
7.95 29.47 32.74 32.74
7.96 29.74 32.74 32.50
7.97 29.21 32.98 32.02
7.98 29.74 32.74 32.26
7.99 30.00 32.50 32.98
8.00 29.74 32.26 32.50
8.01 29.74 32.74 32.74
8.02 30.00 32.50 32.50
8.03 29.74 32.98 32.74
8.04 29.74 32.74 32.50
8.05 29.47 32.98 32.98
8.06 29.74 32.74 32.74
8.07 29.21 32.50 32.74
8.08 31.27 33.22 32.74
8.09 29.74 32.74 32.74
8.10 29.74 32.74 32.50
8.11 29.74 32.98 32.50
8.12 30.00 32.50 32.50
8.13 29.74 32.74 32.74
8.14 30.00 32.50 32.74
8.15 30.00 32.74 32.50
8.16 30.26 32.26 32.74
8.17 30.00 32.74 32.50
8.18 29.74 32.74 33.22
8.19 30.26 32.74 32.74
8.20 28.13 32.50 32.50
8.21 30.77 32.98 32.98
8.22 29.47 32.50 32.50
8.23 29.74 32.50 33.22
8.24 30.00 32.98 32.74
8.25 29.47 32.74 32.98
8.26 29.47 32.50 32.74
8.27 30.00 32.74 32.74
8.28 29.47 32.98 32.98
8.29 29.74 32.50 32.50
8.30 29.74 32.98 33.22
8.31 29.47 32.50 32.74
8.32 29.74 32.02 32.74
8.33 30.00 32.50 33.22
8.34 29.74 32.50 32.98
8.35 29.21 32.26 32.98
8.36 30.00 32.50 33.22
8.37 30.00 32.50 32.50
8.38 30.00 32.98 32.98
8.39 30.00 32.74 32.74
8.40 29.74 32.74 32.74
8.41 32.02 32.50 32.98
8.42 30.00 32.50 30.77
8.43 30.00 32.74 32.74
8.44 29.47 32.26 32.98
8.45 30.51 32.26 32.98
8.46 30.00 32.98 32.50
8.47 29.74 32.50 32.74
8.48 30.00 32.26 32.74
8.49 29.74 32.74 32.74
8.50 30.00 32.74 32.74
8.51 29.47 32.74 32.02
8.52 29.74 32.74 32.98
8.53 29.47 32.02 32.50
8.54 29.74 32.74 32.50
8.55 29.74 32.74 32.74
8.56 29.47 32.98 32.74
8.57 29.47 33.22 33.22
8.58 29.74 32.98 32.74
8.59 29.47 32.98 32.74
8.60 29.74 32.50 32.50
8.61 29.74 32.50 32.74
8.62 29.74 32.98 32.98
8.63 29.74 32.98 32.74
8.64 29.74 32.50 32.26
8.65 29.74 32.98 32.74
8.66 29.47 32.74 32.98
8.67 29.74 32.74 32.50
8.68 30.00 32.74 32.74
8.69 29.74 32.74 32.98
8.70 29.74 32.74 32.50
8.71 29.74 32.74 32.98
8.72 29.74 32.50 32.98
8.73 30.00 32.98 32.98
8.74 29.21 32.98 31.77
8.75 28.94 32.74 32.98
8.76 29.74 32.74 33.22
8.77 29.74 32.74 32.74
8.78 29.74 32.02 33.69
8.79 29.74 31.77 33.92
8.80 29.47 32.98 32.74
8.81 28.67 32.26 32.74
8.82 29.74 32.02 35.51
8.83 29.47 31.77 33.69
8.84 30.00 33.22 32.74
8.85 30.51 32.02 32.74
8.86 29.47 33.22 33.46
8.87 29.74 31.77 33.46
8.88 30.51 31.52 34.16
8.89 30.00 32.02 34.16
8.90 30.00 32.50 33.22
8.91 29.74 32.26 33.69
8.92 29.74 32.50 33.46
8.93 29.74 32.02 33.69
8.94 29.47 32.26 33.46
8.95 29.74 33.22 32.74
8.96 29.47 32.74 32.74
8.97 29.74 32.98 32.98
8.98 30.00 32.02 33.46
8.99 30.00 32.74 32.98
9.00 30.00 32.02 33.46
9.01 29.74 31.52 33.69
9.02 30.26 31.52 33.69
9.03 29.74 31.77 33.22
9.04 30.00 31.02 33.92
9.05 30.26 32.02 33.46
9.06 29.74 31.77 33.69
9.07 29.47 31.77 32.74
9.08 29.74 31.77 33.69
9.09 30.00 32.02 33.92
9.10 29.74 32.02 33.92
9.11 29.47 32.26 33.92
9.12 29.74 32.26 33.69
9.13 29.74 31.77 33.92
9.14 29.74 31.77 33.92
9.15 30.00 31.77 33.92
9.16 29.74 31.77 33.69
9.17 29.74 31.77 33.69
9.18 29.74 31.77 33.69
9.19 30.00 32.50 33.92
9.20 29.74 32.74 33.69
9.21 29.74 32.02 33.92
9.22 30.00 31.77 33.92
9.23 29.74 32.02 33.69
9.24 30.00 31.77 34.16
9.25 28.94 32.50 33.92
9.26 30.00 32.02 33.92
9.27 29.74 32.02 33.69
9.28 29.74 31.77 33.69
9.29 29.74 32.02 33.69
9.30 29.74 32.02 33.69
9.31 29.74 32.02 34.16
9.32 29.21 32.02 34.61
9.33 29.74 32.02 33.92
9.34 30.26 31.77 33.92
9.35 30.26 31.77 33.69
9.36 30.00 31.77 34.16
9.37 29.74 32.02 32.50
9.38 30.77 32.02 33.69
9.39 29.47 31.52 34.39
9.40 29.21 32.02 33.92
9.41 29.74 31.77 33.69
9.42 29.74 31.52 33.22
9.43 29.74 32.98 33.69
9.44 29.47 31.52 33.69
9.45 29.47 32.02 33.92
9.46 30.00 32.02 33.46
9.47 29.74 31.77 33.69
9.48 29.47 31.77 33.69
9.49 29.74 32.02 33.69
9.50 30.00 32.02 33.92
9.51 29.74 31.77 34.16
9.52 30.00 32.02 33.92
9.53 29.47 31.77 33.22
9.54 30.00 32.02 33.69
9.55 30.00 32.02 33.69
9.56 30.00 32.02 33.46
9.57 29.47 32.02 33.92
9.58 29.47 32.02 33.92
9.59 29.74 32.74 33.69
9.60 29.47 32.02 34.16
9.61 29.74 32.50 35.74
9.62 29.74 32.26 34.84
9.63 28.67 32.50 33.92
9.64 29.47 32.50 32.98
9.65 29.74 31.27 34.16
9.66 29.74 32.02 33.92
9.67 30.26 31.77 33.92
9.68 29.74 31.77 33.69
9.69 29.47 32.02 34.39
9.70 29.74 32.02 33.92
9.71 29.74 31.52 34.16
9.72 30.00 31.77 34.16
9.73 29.74 32.02 33.92
9.74 29.74 31.77 34.16
9.75 30.00 31.77 34.16
9.76 29.47 31.77 33.92
9.77 29.74 31.77 33.92
9.78 29.47 31.77 34.84
9.79 29.47 32.74 34.16
9.80 29.74 32.02 34.16
9.81 30.00 32.02 33.92
9.82 28.67 32.26 34.16
9.83 29.74 32.02 34.16
9.84 30.26 31.77 34.16
9.85 30.26 31.77 33.69
9.86 29.74 31.77 34.16
9.87 30.00 32.02 33.69
9.88 29.74 32.02 33.92
9.89 29.74 31.77 33.69
9.90 29.74 32.26 33.92
9.91 29.47 31.77 34.16
9.92 30.00 31.52 34.16
9.93 29.47 32.74 33.22
9.94 29.47 32.02 33.92
9.95 29.74 31.77 33.46
9.96 29.74 32.74 34.16
9.97 28.40 33.22 33.69
9.98 29.47 32.26 34.16
9.99 29.74 32.02 34.39
10.00 30.00 31.52 33.69
10.01 28.13 32.02 34.16
10.02 30.26 31.52 33.69
10.03 29.74 33.22 34.61
10.04 29.21 31.77 33.92
10.05 30.00 31.77 32.74
10.06 29.74 32.02 33.92
10.07 30.77 32.02 33.92
10.08 30.00 32.50 33.69
10.09 29.74 31.77 34.16
10.10 28.67 32.02 33.92
10.11 29.74 31.52 33.69
10.12 30.51 31.77 33.69
10.13 29.47 31.77 33.92
10.14 29.74 31.77 34.16
10.15 30.00 32.02 33.92
10.16 29.74 31.77 34.16
10.17 29.74 32.02 33.92
10.18 30.00 31.77 33.92
10.19 30.00 31.77 34.16
10.20 29.74 31.77 34.16
10.21 30.00 32.26 34.16
10.22 28.40 32.02 34.16
10.23 30.00 31.52 33.92
10.24 29.47 31.77 34.16
10.25 29.47 32.02 34.61
10.26 29.74 32.50 34.39
10.27 29.47 32.50 33.22
10.28 29.74 32.02 35.07
10.29 29.47 32.02 34.16
10.30 30.00 31.77 33.92
10.31 29.47 32.26 34.16
10.32 30.77 31.77 34.39
10.33 29.74 31.77 34.39
10.34 29.74 31.77 34.16
10.35 29.47 32.02 34.39
10.36 29.47 31.77 34.16
10.37 30.00 31.77 34.16
10.38 30.26 31.02 33.92
10.39 28.67 32.26 31.52
10.40 29.47 30.26 33.92
10.41 29.47 32.02 34.16
10.42 30.26 31.77 33.69
10.43 30.00 32.02 34.16
10.44 29.21 31.77 34.16
10.45 29.21 32.26 33.46
10.46 29.74 31.77 34.16
10.47 30.00 32.02 33.69
10.48 30.00 31.52 33.46
10.49 30.00 32.02 34.16
10.50 30.00 31.77 33.92
10.51 29.74 31.77 34.16
10.52 29.47 31.77 34.16
10.53 29.74 31.77 34.16
10.54 29.21 32.02 34.39
10.55 29.47 31.77 34.61
10.56 29.74 32.02 33.92
10.57 30.00 32.02 33.92
10.58 29.74 31.77 34.39
10.59 29.74 31.77 34.16
10.60 29.47 32.26 34.16
10.61 29.47 31.77 35.74
10.62 28.94 31.77 34.16
10.63 30.00 32.02 34.61
10.64 29.21 31.77 34.39
10.65 29.74 31.77 33.46
10.66 29.74 31.77 33.92
10.67 29.74 33.46 33.92
10.68 30.00 32.98 33.69
10.69 29.74 31.77 33.92
10.70 29.74 31.77 34.16
10.71 29.47 31.52 34.39
10.72 30.00 31.77 33.92
10.73 29.74 31.52 34.16
10.74 29.21 31.52 34.16
10.75 29.47 31.52 34.84
10.76 29.21 32.02 33.92
10.77 29.74 32.02 33.46
10.78 30.00 31.77 35.74
10.79 29.74 31.77 33.92
10.80 29.74 31.27 34.16
10.81 29.21 31.77 34.16
10.82 30.00 31.77 33.92
10.83 29.74 31.77 34.39
10.84 30.00 31.52 34.39
10.85 29.74 31.27 34.39
10.86 30.00 31.77 34.16
10.87 29.74 31.77 34.16
10.88 29.74 31.77 33.92
10.89 29.47 31.77 34.39
10.90 29.47 32.02 34.39
10.91 29.47 31.77 34.39
10.92 29.47 31.77 33.92
10.93 30.26 29.74 33.46
10.94 29.47 31.77 32.74
10.95 29.74 31.52 34.61
10.96 29.47 31.52 34.39
10.97 29.74 31.77 34.16
10.98 29.74 31.52 34.16
10.99 29.47 31.77 33.69
11.00 29.74 31.52 33.22
11.01 29.74 31.77 34.39
11.02 29.74 31.77 34.39
11.03 29.21 31.77 33.92
11.04 30.00 31.02 33.69
11.05 29.74 31.77 34.16
11.06 29.74 31.77 34.16
11.07 29.74 31.77 34.39
11.08 29.47 32.02 34.39
11.09 29.74 31.52 34.39
11.10 30.26 31.52 34.61
11.11 29.74 31.77 33.92
11.12 30.26 31.77 34.16
11.13 29.47 31.27 33.22
11.14 30.00 31.77 34.16
11.15 29.47 31.77 34.16
11.16 30.00 31.77 34.84
11.17 29.47 31.27 33.69
11.18 29.47 31.52 34.39
11.19 29.74 31.77 34.16
11.20 30.00 31.77 34.39
11.21 30.00 31.52 34.16
11.22 29.74 31.77 33.69
11.23 29.74 31.52 35.29
11.24 29.21 31.52 34.16
11.25 29.21 31.77 34.84
11.26 29.47 31.77 35.96
11.27 28.67 32.26 34.39
11.28 30.00 31.77 34.16
11.29 30.00 31.52 34.16
11.30 30.00 31.77 34.16
11.31 32.74 31.77 34.16
11.32 29.74 31.52 34.39
11.33 29.74 31.77 34.16
11.34 29.47 32.02 34.39
11.35 29.47 32.50 34.16
11.36 29.21 31.52 34.16
11.37 29.74 31.77 34.16
11.38 30.00 31.77 34.16
11.39 29.47 31.77 34.39
11.40 29.74 31.77 34.16
11.41 29.74 31.52 34.16
11.42 30.26 31.77 33.92
11.43 30.00 31.77 34.39
11.44 29.74 31.77 34.39
11.45 29.74 31.02 34.16
11.46 30.00 31.77 34.39
11.47 29.74 31.52 34.61
11.48 29.74 31.77 34.39
11.49 28.94 31.27 34.39
11.50 29.74 31.52 34.16
11.51 29.47 31.27 34.16
11.52 29.47 31.77 34.39
11.53 29.47 31.77 34.16
11.54 29.47 31.77 34.39
11.55 30.00 31.77 34.39
11.56 29.74 31.27 34.39
11.57 29.74 31.77 34.16
11.58 28.94 30.26 34.61
11.59 30.00 31.27 33.92
11.60 28.13 31.27 34.16
11.61 29.47 31.52 34.39
11.62 29.47 31.02 34.39
11.63 29.47 32.02 34.39
11.64 30.77 31.52 34.61
11.65 29.74 31.77 34.39
11.66 29.47 30.51 34.39
11.67 29.47 31.77 33.46
11.68 29.74 31.52 34.39
11.69 29.47 31.52 34.39
11.70 29.74 31.77 34.39
11.71 29.47 31.77 34.39
11.72 29.74 32.02 34.16
11.73 29.47 31.77 33.46
11.74 29.47 32.02 34.16
11.75 29.74 31.52 34.39
11.76 28.94 31.77 34.61
11.77 29.74 31.52 33.92
11.78 29.74 31.77 34.39
11.79 29.47 31.52 33.69
11.80 29.21 31.02 35.96
11.81 30.00 32.98 34.39
11.82 30.77 32.02 34.16
11.83 29.74 32.26 33.69
11.84 29.47 31.52 35.07
11.85 29.47 31.77 34.39
11.86 29.74 31.52 34.61
11.87 30.00 31.02 33.92
11.88 29.47 31.52 34.61
11.89 29.47 31.77 32.50
11.90 29.74 30.26 34.61
11.91 28.13 33.22 34.16
11.92 28.94 31.52 34.61
11.93 29.74 31.77 34.39
11.94 29.47 31.27 34.16
11.95 29.47 31.77 34.39
11.96 29.47 31.52 34.61
11.97 29.21 31.77 34.39
11.98 30.26 31.52 34.16
11.99 29.47 31.27 34.16
12.00 29.47 32.74 34.39
12.01 30.77 31.77 34.61
12.02 29.47 31.52 35.29
12.03 30.26 31.27 33.46
12.04 29.74 30.00 34.16
12.05 29.21 31.52 34.39
12.06 29.21 31.77 34.39
12.07 29.47 31.52 34.16
12.08 29.47 31.27 34.61
12.09 29.47 32.74 34.39
12.10 29.74 31.52 34.61
12.11 29.74 32.26 34.61
12.12 29.47 31.77 34.39
12.13 29.47 31.52 34.39
12.14 29.47 31.77 34.16
12.15 29.47 31.52 34.16
12.16 30.00 31.52 34.39
12.17 29.47 31.52 34.61
12.18 29.47 31.77 35.07
12.19 29.74 31.77 34.16
12.20 29.74 31.77 34.39
12.21 29.47 31.52 34.39
12.22 28.94 32.02 33.92
12.23 28.94 31.02 34.61
12.24 28.13 31.52 33.92
12.25 29.47 31.77 32.98
12.26 29.74 31.77 34.39
12.27 29.74 31.52 34.39
12.28 29.21 32.26 34.39
12.29 29.47 31.52 34.61
12.30 32.74 32.02 34.39
12.31 29.74 32.02 34.16
12.32 29.47 31.77 34.16
12.33 29.47 31.27 34.61
12.34 29.74 31.77 34.39
12.35 29.74 31.77 34.16
12.36 29.21 31.77 34.61
12.37 29.74 31.77 34.39
12.38 29.74 31.52 34.39
12.39 29.74 31.52 34.39
12.40 30.00 31.77 34.39
12.41 30.00 31.52 34.39
12.42 28.94 32.74 35.07
12.43 28.13 32.50 32.50
12.44 30.26 30.51 34.84
12.45 30.51 33.92 33.46
12.46 29.74 32.02 33.92
12.47 30.00 31.77 34.39
12.48 29.74 32.02 34.61
12.49 29.74 31.27 34.16
12.50 29.74 30.26 34.39
12.51 29.47 31.52 34.61
12.52 29.47 31.52 34.39
12.53 28.94 31.02 35.29
12.54 29.74 31.52 34.39
12.55 29.47 31.77 34.39
12.56 29.74 32.02 34.84
12.57 29.47 31.52 34.61
12.58 29.74 31.77 34.39
12.59 29.47 31.77 34.61
12.60 29.21 31.27 34.84
12.61 29.47 31.02 34.61
12.62 29.47 31.02 34.61
12.63 29.47 31.52 34.39
12.64 29.74 31.77 34.16
12.65 29.74 31.27 34.39
12.66 29.74 31.02 34.61
12.67 28.94 31.77 34.84
12.68 29.47 31.77 34.39
12.69 29.47 31.27 34.84
12.70 29.21 31.52 34.61
12.71 29.47 31.02 34.39
12.72 29.47 31.52 34.39
12.73 29.74 31.52 34.61
12.74 29.47 31.52 34.61
12.75 29.74 31.77 34.39
12.76 28.94 32.74 35.29
12.77 31.02 32.50 34.84
12.78 29.74 31.52 34.84
12.79 29.47 31.77 34.16
12.80 29.21 31.77 34.61
12.81 29.47 31.77 34.39
12.82 29.47 31.52 34.61
12.83 29.74 31.52 34.39
12.84 29.21 31.52 34.61
12.85 29.47 31.27 34.61
12.86 29.74 31.52 34.39
12.87 28.94 31.52 34.61
12.88 30.00 32.02 34.61
12.89 28.67 31.27 34.39
12.90 29.21 31.52 34.39
12.91 30.51 32.26 33.69
12.92 29.21 31.77 34.39
12.93 29.47 31.27 34.61
12.94 29.21 32.50 33.92
12.95 29.47 31.27 34.84
12.96 30.00 31.52 34.39
12.97 29.74 31.52 34.39
12.98 29.74 32.26 34.61
12.99 29.21 31.52 34.39
13.00 29.47 31.52 34.61
13.01 29.47 31.52 34.61
13.02 30.00 30.77 34.16
13.03 29.47 31.77 34.39
13.04 29.74 30.77 34.61
13.05 29.74 31.27 34.39
13.06 29.47 31.52 34.39
13.07 29.21 31.27 35.29
13.08 29.47 31.77 34.39
13.09 29.74 31.77 34.39
13.10 29.47 30.00 34.61
13.11 28.94 30.51 34.61
13.12 29.74 30.77 34.61
13.13 28.94 31.27 33.22
13.14 29.74 31.52 34.61
13.15 29.47 32.02 34.39
13.16 29.74 31.77 34.61
13.17 29.74 31.52 34.61
13.18 30.77 30.77 34.61
13.19 30.51 31.77 34.61
13.20 30.00 31.52 34.39
13.21 30.00 31.52 34.61
13.22 28.94 31.52 34.39
13.23 31.77 31.52 34.61
13.24 30.26 31.52 34.39
13.25 28.94 31.27 34.16
13.26 29.74 31.77 34.39
13.27 29.47 31.27 33.92
13.28 29.74 31.52 34.16
13.29 29.21 31.52 34.39
13.30 29.47 31.77 34.39
13.31 29.47 31.52 34.16
13.32 30.00 31.52 34.39
13.33 29.47 31.52 34.39
13.34 29.47 31.77 34.39
13.35 29.21 31.27 34.39
13.36 29.74 31.52 34.39
13.37 30.00 31.77 34.61
13.38 29.74 31.52 34.39
13.39 29.47 31.52 34.39
13.40 30.00 31.52 34.39
13.41 29.74 29.21 34.84
13.42 29.47 31.52 33.92
13.43 29.47 31.77 34.39
13.44 28.94 31.27 34.84
13.45 28.94 31.52 34.39
13.46 29.47 31.77 34.39
13.47 29.74 30.51 34.84
13.48 29.47 31.52 34.16
13.49 29.47 32.02 34.39
13.50 29.47 31.52 34.39
13.51 29.74 31.27 34.61
13.52 29.47 31.77 34.39
13.53 29.47 31.52 34.39
13.54 29.74 31.52 34.39
13.55 29.21 31.27 34.61
13.56 28.94 31.77 34.61
13.57 29.74 31.27 34.16
13.58 30.00 31.27 34.39
13.59 29.47 32.02 34.39
13.60 29.74 32.26 33.92
13.61 26.14 31.52 34.39
13.62 31.27 31.52 34.39
13.63 29.47 31.52 34.16
13.64 29.47 31.52 34.39
13.65 29.47 31.52 34.39
13.66 27.57 31.52 34.39
13.67 33.46 31.77 34.39
13.68 29.74 31.52 34.16
13.69 29.47 31.52 34.39
13.70 28.94 31.27 34.39
13.71 29.21 31.52 34.39
13.72 30.77 30.77 34.61
13.73 29.74 31.52 34.39
13.74 30.26 31.52 34.16
13.75 30.00 30.51 34.39
13.76 30.26 31.77 34.16
13.77 29.74 31.27 34.39
13.78 29.74 31.27 34.16
13.79 29.74 31.27 34.39
13.80 29.47 31.27 34.16
13.81 29.47 29.74 34.39
13.82 29.47 31.52 34.61
13.83 29.47 31.52 34.39
13.84 29.21 31.77 34.16
13.85 29.74 32.26 34.16
13.86 29.47 29.47 34.39
13.87 29.74 32.02 34.39
13.88 29.21 31.52 34.16
13.89 29.47 31.52 34.16
13.90 31.77 31.52 34.16
13.91 29.47 31.52 34.39
13.92 29.21 31.52 34.16
13.93 28.94 32.74 34.16
13.94 28.94 31.02 34.61
13.95 31.27 30.51 34.61
13.96 29.74 31.27 34.39
13.97 29.47 31.52 34.39
13.98 30.00 31.27 34.39
13.99 29.74 31.27 34.39
14.00 29.47 31.52 34.39
14.01 29.21 31.02 34.39
14.02 28.67 32.26 34.16
14.03 29.74 31.52 34.39
14.04 29.47 32.02 34.16
14.05 29.47 31.77 34.16
14.06 30.00 31.52 34.16
14.07 30.00 31.77 33.92
14.08 29.47 31.27 34.61
14.09 29.74 31.02 34.39
14.10 29.47 31.52 34.39
14.11 29.74 31.52 34.16
14.12 29.47 31.52 35.51
14.13 29.47 31.02 34.39
14.14 30.51 30.26 34.16
14.15 29.21 31.52 34.16
14.16 28.40 30.26 34.39
14.17 29.47 30.26 34.39
14.18 29.47 31.52 34.39
14.19 29.74 31.27 34.16
14.20 28.40 31.27 34.16
14.21 26.72 31.27 34.16
14.22 29.47 31.77 33.92
14.23 30.26 31.02 34.16
14.24 29.74 31.52 34.16
14.25 29.47 31.52 33.92
14.26 29.47 31.27 34.39
14.27 30.00 31.52 34.16
14.28 29.21 31.27 34.16
14.29 29.47 31.27 34.39
14.30 28.67 30.77 34.39
14.31 29.74 31.52 34.16
14.32 29.47 33.46 34.16
14.33 30.00 31.52 34.39
14.34 30.00 31.27 34.16
14.35 29.47 30.77 34.16
14.36 29.47 30.77 34.39
14.37 29.74 31.27 34.16
14.38 29.47 31.52 34.16
14.39 29.47 31.27 34.61
14.40 29.47 29.74 34.16
14.41 29.74 31.52 34.84
14.42 28.94 31.52 33.92
14.43 29.47 31.52 34.16
14.44 29.74 29.74 34.16
14.45 30.77 31.77 33.46
14.46 27.29 31.27 34.16
14.47 29.47 32.50 34.16
14.48 29.74 31.02 34.16
14.49 30.51 31.27 34.39
14.50 30.00 31.77 33.92
14.51 28.67 30.77 33.46
14.52 29.47 31.02 34.16
14.53 25.55 31.52 33.92
14.54 29.74 31.02 34.16
14.55 29.74 31.27 34.16
14.56 30.00 29.47 33.92
14.57 30.00 31.27 34.16
14.58 29.47 31.52 34.16
14.59 30.00 31.02 33.92
14.60 30.00 31.27 33.92
14.61 32.02 29.74 33.69
14.62 29.21 31.52 34.16
14.63 30.00 31.27 33.92
14.64 29.74 31.52 33.92
14.65 31.02 31.02 33.92
14.66 28.94 33.46 33.92
14.67 30.00 31.02 34.61
14.68 30.77 31.27 33.92
14.69 29.74 31.52 34.16
14.70 30.51 31.27 33.46
14.71 29.74 31.02 33.92
14.72 29.47 31.02 33.92
14.73 29.47 31.27 34.16
14.74 29.74 30.77 34.16
14.75 30.26 30.51 34.16
14.76 30.00 31.77 33.92
14.77 30.00 31.02 34.39
14.78 29.74 31.02 33.22
14.79 30.00 31.27 34.16
14.80 30.26 31.27 33.69
14.81 30.00 31.02 33.92
14.82 30.26 31.02 34.39
14.83 30.26 31.27 33.92
14.84 30.00 31.52 33.92
14.85 30.00 30.51 34.84
14.86 30.00 31.52 33.92
14.87 29.74 30.77 34.16
14.88 30.26 31.27 33.92
14.89 31.02 29.47 33.92
14.90 30.51 34.84 33.92
14.91 30.26 31.27 34.39
14.92 30.26 31.27 33.92
14.93 30.00 31.02 34.16
14.94 30.00 30.51 33.92
14.95 29.74 32.50 33.46
14.96 30.00 31.52 33.92
14.97 30.00 31.02 33.92
14.98 30.00 31.27 34.16
14.99 28.94 31.52 33.92
15.00 30.00 31.02 33.69
15.01 30.77 31.02 33.92
15.02 30.00 31.27 33.92
15.03 30.00 31.52 33.69
15.04 29.74 30.26 33.92
15.05 30.00 31.52 33.69
15.06 30.51 30.26 33.69
15.07 30.00 31.02 33.92
15.08 30.26 31.02 33.92
15.09 30.26 30.00 33.92
15.10 30.00 31.77 33.92
15.11 30.51 31.02 33.92
15.12 30.00 31.27 33.92
15.13 30.51 28.67 33.92
15.14 30.00 31.77 33.22
15.15 31.02 29.74 33.92
15.16 30.00 31.52 34.84
15.17 30.51 29.21 33.69
15.18 30.51 31.02 33.92
15.19 30.26 31.02 33.92
15.20 30.51 31.02 33.69
15.21 30.26 31.52 33.92
15.22 30.00 31.02 33.92
15.23 30.51 31.02 33.69
15.24 30.51 31.02 33.92
15.25 30.51 31.27 33.69
15.26 30.77 30.77 33.69
15.27 27.85 30.77 33.69
15.28 29.74 31.77 33.69
15.29 30.77 31.52 33.92
15.30 30.51 30.26 33.69
15.31 30.51 30.51 33.92
15.32 30.26 31.27 33.69
15.33 30.51 30.77 33.92
15.34 30.51 31.27 33.69
15.35 30.51 31.02 33.69
15.36 30.77 31.02 33.46
15.37 30.77 31.02 33.69
15.38 30.51 30.77 33.69
15.39 30.77 31.02 33.69
15.40 30.26 30.51 33.92
15.41 30.51 31.52 33.69
15.42 30.51 31.77 34.16
15.43 30.51 31.02 33.92
15.44 30.77 31.27 33.92
15.45 30.77 31.27 33.69
15.46 30.51 31.02 33.46
15.47 30.51 31.52 33.46
15.48 30.77 30.77 33.69
15.49 30.77 32.02 33.92
15.50 31.02 32.26 33.69
15.51 31.02 31.02 33.46
15.52 30.77 30.77 33.69
15.53 30.77 31.02 33.46
15.54 28.67 30.77 33.69
15.55 30.77 31.02 33.69
15.56 33.22 31.27 33.69
15.57 30.51 30.77 33.92
15.58 30.77 30.77 33.92
15.59 31.52 31.02 33.69
15.60 31.02 32.74 33.69
15.61 31.27 31.27 33.69
15.62 30.51 31.02 33.69
15.63 31.02 31.27 33.69
15.64 30.51 31.02 33.92
15.65 31.02 31.02 33.69
15.66 30.51 31.02 33.69
15.67 31.52 30.51 33.46
15.68 30.77 30.77 33.46
15.69 30.77 31.27 33.46
15.70 31.27 30.77 33.69
15.71 31.02 30.77 33.69
15.72 31.52 31.02 33.46
15.73 31.27 30.77 33.92
15.74 30.77 31.02 33.46
15.75 31.52 31.02 33.46
15.76 31.27 30.26 33.46
15.77 31.27 31.02 33.69
15.78 31.52 31.27 33.46
15.79 30.77 30.77 33.69
15.80 31.02 32.02 33.22
15.81 31.02 30.77 33.69
15.82 31.02 31.52 33.46
15.83 31.02 30.77 33.92
15.84 29.47 31.27 33.22
15.85 31.52 31.02 33.46
15.86 31.52 31.02 33.69
15.87 31.02 31.27 33.46
15.88 30.51 30.77 33.46
15.89 29.74 32.02 33.46
15.90 31.77 31.02 33.46
15.91 31.27 30.77 33.46
15.92 31.02 31.02 33.46
15.93 30.51 31.77 33.46
15.94 31.02 31.27 33.46
15.95 31.27 30.77 33.46
15.96 31.02 31.02 33.46
15.97 31.77 29.74 33.69
15.98 31.27 30.77 33.46
15.99 31.02 31.02 33.46
16.00 31.02 31.02 33.46
16.01 31.02 30.77 33.22
16.02 31.27 30.77 33.46
16.03 31.02 31.02 33.46
16.04 31.52 30.51 33.22
16.05 32.02 30.51 33.22
16.06 31.02 30.77 33.46
16.07 31.52 31.27 33.46
16.08 31.77 30.00 33.22
16.09 31.77 31.27 33.46
16.10 30.77 31.02 33.46
16.11 31.27 31.52 33.46
16.12 30.77 31.52 33.46
16.13 31.52 31.02 33.46
16.14 31.02 31.27 34.16
16.15 30.77 31.52 33.46
16.16 28.67 30.77 33.46
16.17 31.27 30.77 33.46
16.18 32.26 31.02 33.69
16.19 31.27 31.02 32.74
16.20 32.02 28.40 33.46
16.21 31.27 31.52 33.69
16.22 31.02 31.02 33.46
16.23 31.52 31.02 33.22
16.24 31.27 31.27 33.46
16.25 31.52 30.77 32.98
16.26 31.52 31.02 33.22
16.27 31.52 31.02 33.46
16.28 31.52 31.02 33.22
16.29 31.27 31.02 33.22
16.30 31.77 31.27 33.22
16.31 31.27 31.02 33.69
16.32 31.52 31.02 34.61
16.33 31.77 29.74 33.46
16.34 31.52 31.02 33.46
16.35 31.77 31.02 33.46
16.36 31.52 31.52 33.22
16.37 31.52 27.29 33.46
16.38 31.52 31.02 33.22
16.39 32.50 31.02 33.92
16.40 31.27 31.02 33.46
16.41 31.52 30.77 33.22
16.42 32.26 30.77 33.22
16.43 31.27 31.02 33.22
16.44 31.77 31.02 33.22
16.45 31.27 31.02 32.98
16.46 31.27 32.26 33.46
16.47 31.77 31.02 33.22
16.48 31.52 30.77 33.22
16.49 32.02 31.27 33.22
16.50 31.77 30.77 33.22
16.51 31.77 30.77 33.22
16.52 34.16 31.02 33.22
16.53 31.52 31.02 33.46
16.54 32.50 31.52 32.98
16.55 31.52 30.77 33.46
16.56 31.52 31.02 33.22
16.57 31.77 31.02 33.22
16.58 31.52 31.02 33.46
16.59 31.27 31.27 33.46
16.60 32.02 31.02 33.46
16.61 32.02 31.27 33.22
16.62 31.52 31.02 32.98
16.63 32.02 30.77 32.50
16.64 31.77 31.77 33.22
16.65 31.77 30.51 33.22
16.66 31.77 31.52 33.22
16.67 31.52 30.00 33.22
16.68 32.26 29.74 33.46
16.69 33.22 30.51 33.22
16.70 32.02 31.27 33.22
16.71 32.98 31.02 32.98
16.72 32.02 31.02 33.22
16.73 31.77 30.77 32.98
16.74 31.77 30.51 33.46
16.75 30.26 35.07 33.22
16.76 32.02 31.02 32.50
16.77 32.02 31.02 33.46
16.78 32.50 30.77 33.46
16.79 31.77 31.02 33.22
16.80 31.77 31.02 32.98
16.81 31.52 30.51 32.98
16.82 32.50 30.77 33.22
16.83 32.50 31.02 32.98
16.84 32.02 31.27 33.22
16.85 32.02 31.27 32.98
16.86 31.52 31.02 32.98
16.87 32.02 31.02 32.98
16.88 31.77 30.00 32.98
16.89 32.02 31.02 33.22
16.90 32.02 31.02 33.22
16.91 31.52 31.27 32.98
16.92 32.02 30.77 32.98
16.93 32.02 31.02 33.22
16.94 31.77 30.51 33.22
16.95 32.26 30.77 33.22
16.96 32.02 31.02 32.98
16.97 32.02 32.02 32.98
16.98 28.94 31.02 32.98
16.99 32.02 31.02 32.98
17.00 31.77 31.02 33.22
17.01 32.02 31.02 32.98
17.02 31.77 31.27 32.26
17.03 32.74 31.27 33.22
17.04 32.02 31.27 33.46
17.05 32.02 31.27 33.22
17.06 32.02 31.27 32.98
17.07 32.02 31.27 33.22
17.08 32.26 29.74 32.98
17.09 32.26 31.27 32.98
17.10 32.74 31.27 32.98
17.11 32.50 31.27 32.98
17.12 32.50 30.77 32.98
17.13 32.50 31.52 32.74
17.14 32.26 31.77 33.22
17.15 32.50 30.26 32.98
17.16 32.50 31.02 32.98
17.17 32.26 31.27 32.98
17.18 32.26 31.52 32.98
17.19 32.26 31.27 32.98
17.20 32.26 31.02 32.74
17.21 31.77 31.27 32.98
17.22 32.26 30.77 32.98
17.23 35.07 31.52 32.98
17.24 31.77 31.27 32.98
17.25 32.02 30.77 33.22
17.26 32.98 31.02 32.98
17.27 32.50 31.27 32.98
17.28 32.26 30.51 33.22
17.29 32.50 31.02 33.22
17.30 31.77 31.27 32.98
17.31 31.52 31.27 32.98
17.32 32.74 30.77 32.98
17.33 32.50 31.77 32.98
17.34 30.77 31.77 32.74
17.35 32.26 31.02 33.22
17.36 32.98 31.02 32.98
17.37 32.50 31.02 32.74
17.38 32.26 31.27 32.74
17.39 32.50 31.27 32.98
17.40 32.50 31.02 32.98
17.41 32.50 31.27 32.98
17.42 32.74 31.27 32.98
17.43 32.74 31.27 32.98
17.44 32.74 31.52 32.98
17.45 31.52 31.52 32.98
17.46 32.26 31.52 32.98
17.47 32.50 31.02 33.22
17.48 32.26 31.27 32.74
17.49 32.50 32.26 32.98
17.50 33.69 30.51 32.98
17.51 32.50 31.52 32.74
17.52 32.02 31.52 32.98
17.53 32.50 31.27 32.98
17.54 32.98 31.52 32.98
17.55 32.98 31.02 32.98
17.56 32.50 30.77 32.74
17.57 32.50 31.27 32.50
17.58 32.50 31.27 32.74
17.59 32.50 31.27 32.98
17.60 32.26 31.27 32.98
17.61 32.98 31.52 32.74
17.62 32.50 31.27 32.74
17.63 32.26 31.02 32.50
17.64 32.50 31.27 32.98
17.65 32.26 31.27 32.98
17.66 32.50 32.26 32.74
17.67 32.74 31.52 32.74
17.68 32.98 30.77 32.98
17.69 32.26 31.77 32.74
17.70 34.39 31.52 32.98
17.71 32.26 31.02 32.74
17.72 32.50 31.27 32.74
17.73 32.98 31.02 32.98
17.74 33.22 31.52 32.98
17.75 32.74 32.26 32.74
17.76 32.74 32.02 32.98
17.77 31.52 31.52 32.74
17.78 32.74 31.52 32.74
17.79 32.98 31.52 32.74
17.80 32.74 31.77 32.50
17.81 32.74 31.27 32.74
17.82 33.69 31.52 32.74
17.83 32.74 31.52 32.74
17.84 32.74 31.52 32.98
17.85 32.74 31.27 32.74
17.86 33.22 31.52 32.74
17.87 32.74 31.52 32.50
17.88 32.98 31.52 32.74
17.89 32.98 31.02 32.98
17.90 35.51 31.77 32.98
17.91 32.74 31.52 32.74
17.92 32.74 31.52 32.98
17.93 32.98 30.26 32.74
17.94 32.26 31.77 32.74
17.95 30.26 31.52 32.74
17.96 32.98 31.52 32.74
17.97 31.27 31.27 32.74
17.98 32.74 31.52 32.74
17.99 31.77 32.02 32.74
18.00 32.50 31.77 32.26
18.01 32.74 31.52 32.98
18.02 32.50 31.52 32.50
18.03 33.22 31.02 32.74
18.04 33.46 31.77 32.98
18.05 32.98 31.52 32.74
18.06 32.50 31.27 32.74
18.07 32.98 32.02 32.74
18.08 32.74 31.52 32.98
18.09 33.46 32.26 32.50
18.10 33.69 32.50 32.02
18.11 32.74 31.77 32.74
18.12 32.98 31.77 32.74
18.13 32.74 31.77 32.74
18.14 32.74 31.52 32.74
18.15 33.22 31.77 32.74
18.16 33.22 31.52 32.74
18.17 32.26 32.02 32.74
18.18 32.74 31.77 32.74
18.19 32.74 32.02 33.46
18.20 33.92 32.02 32.74
18.21 32.50 31.52 32.74
18.22 33.69 31.52 32.74
18.23 32.74 31.77 32.74
18.24 32.74 32.74 32.74
18.25 32.74 31.27 32.74
18.26 33.22 31.52 32.74
18.27 33.46 31.52 32.74
18.28 33.22 31.77 32.74
18.29 32.74 31.52 32.98
18.30 31.77 31.77 32.74
18.31 33.46 32.26 32.74
18.32 33.22 31.52 32.74
18.33 32.98 32.02 32.98
18.34 32.98 32.02 32.74
18.35 33.69 31.77 32.98
18.36 31.77 31.77 32.74
18.37 32.98 31.52 32.98
18.38 32.98 31.52 32.74
18.39 32.50 31.77 32.74
18.40 32.98 31.52 32.74
18.41 33.22 31.77 32.74
18.42 33.22 32.02 32.74
18.43 32.98 31.77 32.74
18.44 33.22 33.46 32.74
18.45 33.46 31.77 32.50
18.46 32.98 31.27 32.74
18.47 32.98 31.77 32.74
18.48 33.22 31.77 32.74
18.49 32.26 32.02 32.74
18.50 33.69 32.02 32.74
18.51 32.98 31.77 32.50
18.52 33.92 32.02 32.98
18.53 32.74 31.77 32.74
18.54 33.22 32.02 32.98
18.55 33.46 32.02 32.98
18.56 32.98 32.02 32.50
18.57 33.92 32.02 32.74
18.58 33.46 31.77 32.74
18.59 33.69 31.52 32.50
18.60 33.22 32.02 32.50
18.61 30.51 32.50 32.50
18.62 32.98 32.02 32.50
18.63 33.22 31.52 32.50
18.64 32.26 32.02 33.22
18.65 33.46 31.77 32.74
18.66 33.22 32.02 32.50
18.67 33.22 32.02 32.50
18.68 33.22 32.02 31.52
18.69 33.69 31.52 33.22
18.70 32.98 32.02 32.50
18.71 33.46 31.52 32.74
18.72 32.98 31.77 32.50
18.73 33.46 31.77 32.50
18.74 34.84 32.26 32.74
18.75 33.69 32.02 32.50
18.76 32.98 32.02 32.26
18.77 34.16 31.77 32.74
18.78 33.46 31.02 32.74
18.79 33.46 32.02 32.50
18.80 33.69 32.26 32.50
18.81 32.98 32.02 32.74
18.82 33.22 32.02 32.50
18.83 33.22 32.02 32.74
18.84 34.61 32.02 32.50
18.85 34.39 32.02 32.50
18.86 32.74 32.02 32.74
18.87 33.46 32.02 32.50
18.88 33.69 32.02 32.50
18.89 35.51 32.26 32.74
18.90 33.22 32.26 32.02
18.91 33.22 32.02 33.22
18.92 32.98 32.02 32.50
18.93 33.46 32.02 32.26
18.94 33.69 32.02 32.50
18.95 32.98 32.50 33.46
18.96 33.22 32.50 32.26
18.97 33.46 32.02 32.50
18.98 33.22 32.02 32.50
18.99 32.98 31.77 32.50
19.00 33.69 31.77 32.26
19.01 33.22 32.02 32.50
19.02 33.46 32.02 32.50
19.03 33.22 31.02 32.50
19.04 32.98 31.77 32.50
19.05 35.51 32.26 32.50
19.06 33.22 33.22 32.74
19.07 33.22 32.02 32.50
19.08 33.46 31.77 32.50
19.09 33.69 32.50 32.50
19.10 32.74 32.02 32.50
19.11 36.18 32.26 32.50
19.12 33.69 32.26 32.50
19.13 33.92 32.26 32.50
19.14 33.46 32.02 32.50
19.15 33.46 31.52 33.22
19.16 33.46 32.02 32.50
19.17 33.69 32.02 32.50
19.18 33.46 32.02 32.74
19.19 33.22 31.77 32.50
19.20 33.69 32.26 32.98
19.21 33.69 34.16 32.50
19.22 34.16 32.26 32.26
19.23 33.69 32.26 32.50
19.24 33.69 32.02 32.50
19.25 34.61 32.02 32.50
19.26 33.69 32.26 32.50
19.27 33.22 32.02 32.50
19.28 33.69 32.02 32.50
19.29 33.92 32.02 32.50
19.30 33.46 32.50 32.50
19.31 33.69 31.02 32.50
19.32 33.46 32.02 32.50
19.33 33.22 32.02 32.50
19.34 33.46 32.02 32.50
19.35 33.46 32.26 32.50
19.36 32.50 32.26 32.50
19.37 36.83 32.26 32.26
19.38 34.39 32.02 32.50
19.39 33.69 31.77 32.50
19.40 33.46 32.26 32.50
19.41 33.92 32.02 32.50
19.42 33.92 32.02 32.74
19.43 34.16 31.52 32.50
19.44 33.69 32.02 32.26
19.45 34.16 31.77 32.50
19.46 33.22 32.26 32.50
19.47 33.69 31.77 32.26
19.48 33.46 32.02 32.50
19.49 33.69 32.02 32.50
19.50 33.92 32.02 32.26
19.51 33.92 30.51 32.50
19.52 33.92 32.02 32.50
19.53 33.69 32.02 32.50
19.54 33.46 32.98 31.77
19.55 33.69 32.74 32.50
19.56 33.46 32.02 32.74
19.57 33.22 32.02 33.69
19.58 34.39 32.02 32.02
19.59 34.16 32.02 32.50
19.60 33.92 32.26 32.26
19.61 33.22 32.74 32.26
19.62 33.92 27.85 32.26
19.63 33.69 31.52 32.50
19.64 33.46 32.26 32.26
19.65 34.16 32.26 32.50
19.66 33.22 32.02 32.50
19.67 33.69 32.26 32.26
19.68 33.69 32.02 32.50
19.69 34.16 31.27 32.26
19.70 33.92 32.50 32.26
19.71 33.46 32.74 32.26
19.72 33.92 32.26 32.26
19.73 33.69 32.02 32.50
19.74 34.39 32.02 32.26
19.75 33.69 31.77 32.74
19.76 33.69 31.77 32.26
19.77 34.39 32.02 32.50
19.78 33.22 32.50 32.50
19.79 34.16 32.50 32.02
19.80 33.69 30.77 32.26
19.81 32.50 32.98 32.98
19.82 34.39 32.02 32.26
19.83 33.92 32.26 32.50
19.84 33.92 32.02 32.50
19.85 33.92 32.26 32.26
19.86 34.16 32.74 32.02
19.87 34.16 32.02 32.50
19.88 33.92 32.26 32.26
19.89 33.92 32.50 32.50
19.90 34.84 31.77 32.74
19.91 34.39 31.77 32.98
19.92 33.69 32.74 32.50
19.93 33.92 32.26 32.50
19.94 34.16 32.02 32.50
19.95 33.22 32.26 32.50
19.96 37.25 32.74 32.26
19.97 34.39 32.26 32.26
19.98 33.92 32.26 32.26
19.99 34.39 32.26 32.26
20.00 33.69 32.74 32.26
20.01 33.69 33.46 32.26
20.02 34.16 30.77 32.02
20.03 33.92 32.26 32.50
20.04 33.92 32.02 32.50
20.05 34.39 32.02 32.50
20.06 34.84 32.26 31.77
20.07 34.16 32.02 32.26
20.08 35.07 32.02 32.26
20.09 34.16 32.02 32.50
20.10 33.22 32.74 32.02
20.11 33.92 31.27 32.50
20.12 33.46 32.26 32.26
20.13 34.16 32.26 31.77
20.14 34.39 32.26 32.02
20.15 34.61 32.26 32.50
20.16 33.92 32.26 32.26
20.17 33.92 32.26 32.26
20.18 32.98 32.26 32.26
20.19 35.51 32.26 32.26
20.20 33.92 32.26 32.26
20.21 33.46 32.02 32.26
20.22 34.39 32.50 32.02
20.23 34.16 32.26 32.02
20.24 33.92 32.50 32.50
20.25 33.92 32.74 31.77
20.26 34.16 32.26 32.26
20.27 33.92 32.26 32.26
20.28 34.16 32.26 32.26
20.29 33.92 31.77 32.26
20.30 34.16 32.26 32.26
20.31 34.39 32.50 32.26
20.32 34.16 32.02 32.26
20.33 34.16 32.50 32.26
20.34 36.83 32.26 31.77
20.35 34.61 32.26 31.77
20.36 34.39 32.26 32.26
20.37 34.39 32.50 32.26
20.38 34.39 32.26 32.26
20.39 34.16 32.50 31.77
20.40 33.46 32.26 32.50
20.41 32.74 32.74 32.50
20.42 34.16 32.50 32.26
20.43 34.61 32.50 32.26
20.44 34.16 34.84 32.26
20.45 33.92 32.74 32.50
20.46 34.39 32.50 32.02
20.47 34.39 32.26 32.26
20.48 34.16 32.50 33.46
20.49 33.22 32.98 32.26
20.50 33.69 32.26 32.26
20.51 34.16 32.50 32.26
20.52 33.46 32.50 32.26
20.53 34.16 32.98 32.26
20.54 34.39 32.26 32.26
20.55 34.39 32.50 32.26
20.56 34.16 32.26 32.26
20.57 34.61 32.74 31.77
20.58 35.51 32.50 32.26
20.59 34.16 32.50 32.26
20.60 34.16 32.50 32.26
20.61 34.39 32.74 32.26
20.62 32.26 32.74 32.26
20.63 35.29 32.74 31.02
20.64 33.92 32.02 32.02
20.65 34.61 32.74 32.02
20.66 34.39 32.50 32.26
20.67 34.16 32.50 32.26
20.68 35.74 32.50 32.26
20.69 34.39 32.50 32.26
20.70 34.61 32.26 32.02
20.71 34.16 32.98 32.26
20.72 34.16 32.50 32.26
20.73 34.39 32.50 32.02
20.74 33.69 31.77 32.50
20.75 34.16 32.50 32.26
20.76 33.92 32.98 32.02
20.77 34.16 32.74 32.26
20.78 35.51 33.22 32.02
20.79 34.39 32.50 32.02
20.80 34.61 32.74 32.26
20.81 34.61 32.50 32.26
20.82 34.61 32.50 32.26
20.83 34.16 30.00 32.02
20.84 34.39 32.50 32.02
20.85 34.39 32.74 32.02
20.86 34.16 32.26 32.02
20.87 34.39 32.50 32.26
20.88 34.16 32.50 32.02
20.89 34.16 32.74 32.02
20.90 34.39 31.52 32.26
20.91 34.39 32.74 32.26
20.92 34.39 32.74 32.26
20.93 34.61 33.69 31.52
20.94 34.61 32.74 32.26
20.95 34.39 34.39 32.26
20.96 34.39 32.74 32.02
20.97 34.39 32.74 32.02
20.98 34.16 32.74 32.02
20.99 35.29 32.50 32.26
21.00 36.39 32.26 32.26
21.01 34.39 33.69 32.02
21.02 33.92 32.50 32.26
21.03 34.39 32.74 32.02
21.04 34.39 32.74 32.02
21.05 34.39 32.50 32.74
21.06 35.51 32.50 31.52
21.07 34.61 32.50 32.26
21.08 34.61 32.74 32.02
21.09 34.16 32.74 32.02
21.10 34.61 32.74 32.26
21.11 34.16 32.74 32.26
21.12 34.39 32.74 32.02
21.13 34.61 32.74 32.02
21.14 34.16 32.74 32.26
21.15 34.39 32.98 32.26
21.16 33.69 32.74 32.26
21.17 34.39 32.74 32.26
21.18 34.39 32.74 32.50
21.19 34.39 32.74 32.02
21.20 34.61 32.98 32.02
21.21 35.07 32.74 32.02
21.22 34.39 32.50 32.02
21.23 34.84 32.74 32.02
21.24 34.61 32.74 32.26
21.25 34.61 33.46 32.02
21.26 34.61 31.27 32.02
21.27 33.69 32.98 32.02
21.28 34.84 32.98 32.02
21.29 34.61 32.50 32.02
21.30 34.39 32.98 31.27
21.31 34.39 32.26 32.02
21.32 33.92 32.98 32.02
21.33 34.61 32.74 32.02
21.34 34.61 32.74 32.02
21.35 34.61 32.98 31.52
21.36 34.61 32.98 32.02
21.37 34.61 32.98 32.02
21.38 34.39 32.74 32.02
21.39 34.39 32.74 32.02
21.40 34.39 32.74 32.50
21.41 34.61 33.46 32.02
21.42 34.84 32.26 32.26
21.43 34.61 32.74 32.02
21.44 34.84 32.50 32.26
21.45 34.61 32.74 32.50
21.46 34.39 32.74 32.50
21.47 34.61 33.69 32.02
21.48 34.39 32.74 32.26
21.49 34.61 32.98 32.02
21.50 34.39 32.74 32.02
21.51 34.61 32.74 31.27
21.52 32.74 32.98 32.26
21.53 34.61 32.98 32.26
21.54 34.39 33.46 32.26
21.55 34.61 32.74 32.02
21.56 32.98 32.50 32.02
21.57 34.39 32.74 32.50
21.58 34.61 33.22 32.26
21.59 34.39 32.98 32.02
21.60 34.39 32.98 32.02
21.61 34.39 32.98 32.02
21.62 34.61 32.98 32.02
21.63 34.39 32.98 32.02
21.64 36.61 32.26 32.02
21.65 34.61 32.50 32.02
21.66 34.61 32.98 32.02
21.67 34.39 33.22 32.02
21.68 34.39 32.98 32.02
21.69 34.84 33.22 31.77
21.70 34.61 32.74 32.02
21.71 34.61 32.74 32.26
21.72 34.61 32.74 32.02
21.73 34.61 32.98 32.02
21.74 34.39 33.46 32.02
21.75 34.39 32.98 32.26
21.76 34.39 32.98 32.02
21.77 34.39 33.22 32.26
21.78 35.07 32.74 31.77
21.79 34.61 32.98 32.26
21.80 34.61 33.22 32.02
21.81 34.61 33.22 32.02
21.82 34.16 33.22 32.26
21.83 34.61 33.22 31.02
21.84 34.39 32.98 32.02
21.85 34.84 33.22 32.02
21.86 34.39 32.98 32.02
21.87 34.39 32.98 32.02
21.88 34.16 32.98 31.77
21.89 34.61 33.22 31.77
21.90 34.61 33.22 32.02
21.91 34.16 33.46 31.77
21.92 34.39 32.98 32.50
21.93 34.39 32.98 32.50
21.94 34.39 32.98 32.02
21.95 34.61 32.74 31.77
21.96 34.84 33.22 31.52
21.97 34.16 33.22 31.77
21.98 34.61 33.22 32.02
21.99 34.61 32.98 31.77
22.00 34.61 33.22 32.26
22.01 34.39 32.98 32.02
22.02 34.61 32.98 33.22
22.03 34.61 33.46 32.02
22.04 32.98 33.22 31.77
22.05 34.61 32.98 31.77
22.06 34.84 32.98 31.77
22.07 34.61 32.98 32.02
22.08 34.39 32.98 31.77
22.09 33.92 33.22 32.02
22.10 34.61 32.98 31.52
22.11 34.39 32.98 32.02
22.12 34.61 33.22 32.02
22.13 34.39 32.98 32.02
22.14 34.39 33.22 32.02
22.15 34.39 33.22 31.77
22.16 34.16 32.98 32.26
22.17 33.92 33.22 32.02
22.18 34.39 33.22 32.50
22.19 34.61 33.22 32.02
22.20 34.39 32.98 32.02
22.21 34.61 32.74 32.02
22.22 34.39 33.22 31.77
22.23 34.16 33.22 31.77
22.24 34.16 33.22 32.02
22.25 34.61 33.22 31.77
22.26 34.39 33.22 31.77
22.27 34.39 33.22 32.02
22.28 34.61 32.98 32.26
22.29 34.39 33.69 32.02
22.30 34.39 33.22 31.77
22.31 34.61 33.22 31.77
22.32 34.39 33.22 32.02
22.33 34.39 33.69 32.02
22.34 34.39 33.22 32.02
22.35 34.39 32.98 32.02
22.36 34.39 33.22 32.02
22.37 33.69 33.92 32.02
22.38 34.84 32.74 31.77
22.39 34.39 33.22 32.02
22.40 34.39 33.22 31.77
22.41 34.39 32.98 31.77
22.42 34.39 33.22 31.77
22.43 34.39 32.98 31.77
22.44 34.39 33.22 31.77
22.45 34.39 33.22 32.02
22.46 34.39 32.98 31.77
22.47 34.61 32.26 32.02
22.48 35.07 32.98 32.02
22.49 34.39 33.22 31.77
22.50 34.39 33.22 32.02
22.51 34.39 33.22 32.02
22.52 33.92 33.22 31.77
22.53 34.39 33.22 31.77
22.54 34.39 33.22 32.26
22.55 34.39 33.22 32.02
22.56 34.61 32.98 32.02
22.57 34.39 32.98 31.52
22.58 34.39 33.22 32.02
22.59 34.39 32.74 32.02
22.60 34.39 32.98 31.77
22.61 34.16 33.22 32.02
22.62 35.07 32.98 32.26
22.63 34.39 33.22 32.26
22.64 34.39 32.98 32.02
22.65 34.39 33.22 31.77
22.66 34.39 32.98 32.02
22.67 34.39 32.98 31.77
22.68 34.39 33.22 32.02
22.69 34.39 33.22 31.77
22.70 34.16 33.22 32.02
22.71 34.39 33.22 32.02
22.72 33.69 32.98 31.77
22.73 34.16 33.46 32.02
22.74 34.39 33.22 32.02
22.75 33.69 33.69 32.02
22.76 34.39 33.22 32.26
22.77 34.39 33.22 31.77
22.78 34.39 33.46 32.02
22.79 34.39 32.98 31.77
22.80 34.61 33.22 31.77
22.81 34.16 33.22 32.02
22.82 34.39 32.98 32.02
22.83 34.39 32.98 31.52
22.84 34.39 32.98 31.77
22.85 34.16 33.22 32.02
22.86 34.39 31.52 31.77
22.87 34.39 33.22 32.02
22.88 33.69 33.22 31.52
22.89 34.39 33.22 31.77
22.90 34.39 33.22 31.77
22.91 34.16 32.98 32.02
22.92 34.16 33.22 32.02
22.93 33.69 33.22 31.77
22.94 34.84 33.22 31.77
22.95 34.39 33.22 31.77
22.96 34.61 32.98 30.51
22.97 34.39 33.22 31.77
22.98 33.92 33.22 32.02
22.99 34.16 33.22 31.77
23.00 34.16 33.22 31.77
23.01 34.16 33.46 32.50
23.02 34.84 33.46 31.77
23.03 34.16 32.98 32.02
23.04 34.39 33.22 31.77
23.05 34.39 33.22 32.02
23.06 34.16 33.22 31.77
23.07 34.16 33.69 31.77
23.08 34.39 32.98 31.77
23.09 33.92 33.22 32.02
23.10 34.39 32.74 31.77
23.11 34.39 33.69 32.02
23.12 33.92 32.98 32.02
23.13 34.39 32.98 31.77
23.14 34.16 33.46 32.02
23.15 34.39 33.22 31.77
23.16 34.16 33.22 31.77
23.17 34.61 32.98 31.77
23.18 34.16 34.84 32.02
23.19 34.39 33.22 32.02
23.20 34.16 32.98 31.77
23.21 34.39 33.22 31.77
23.22 34.16 33.46 31.27
23.23 34.39 33.22 31.77
23.24 32.74 33.22 32.02
23.25 33.92 32.98 31.77
23.26 34.16 33.22 32.02
23.27 34.16 33.22 31.77
23.28 34.39 33.22 31.77
23.29 34.39 32.98 31.52
23.30 34.39 33.22 32.50
23.31 34.39 32.98 31.77
23.32 34.16 33.22 31.77
23.33 34.16 32.98 31.77
23.34 33.69 32.98 32.02
23.35 33.92 33.22 31.27
23.36 34.16 32.98 31.77
23.37 34.16 33.22 31.77
23.38 33.92 32.98 31.77
23.39 33.92 33.22 31.77
23.40 34.16 33.22 31.52
23.41 33.92 33.22 31.77
23.42 34.16 33.22 31.77
23.43 34.39 32.98 31.77
23.44 33.69 32.74 31.77
23.45 34.39 32.98 31.77
23.46 34.39 33.22 31.77
23.47 33.92 33.22 31.77
23.48 33.46 33.69 31.52
23.49 34.84 32.98 31.77
23.50 34.16 33.22 31.77
23.51 33.92 33.22 31.77
23.52 33.92 33.22 31.77
23.53 33.92 33.46 31.77
23.54 34.16 33.22 31.77
23.55 34.39 32.98 31.77
23.56 34.16 33.22 31.52
23.57 34.16 33.22 31.77
23.58 33.92 33.22 31.77
23.59 34.16 33.22 31.77
23.60 34.16 33.22 31.52
23.61 34.16 32.74 31.77
23.62 34.16 33.22 32.02
23.63 34.16 32.26 31.77
23.64 34.39 32.98 31.52
23.65 34.16 32.98 31.77
23.66 34.16 33.22 31.77
23.67 33.92 33.22 32.02
23.68 34.16 33.22 31.77
23.69 34.16 32.98 31.77
23.70 34.16 32.98 32.02
23.71 33.92 33.69 31.77
23.72 34.16 33.22 31.52
23.73 33.92 32.98 31.77
23.74 34.16 32.74 31.77
23.75 33.92 32.98 31.77
23.76 33.92 32.98 31.77
23.77 34.16 32.98 31.77
23.78 33.92 32.98 31.77
23.79 34.39 33.22 31.77
23.80 33.69 32.74 31.77
23.81 34.16 32.98 31.77
23.82 33.92 33.22 31.77
23.83 33.92 33.22 31.77
23.84 34.16 33.22 31.77
23.85 33.92 33.22 30.51
23.86 33.92 33.22 31.52
23.87 33.69 33.22 31.77
23.88 33.92 33.22 31.77
23.89 33.92 33.22 31.77
23.90 33.92 33.22 31.77
23.91 33.92 32.98 32.50
23.92 34.61 32.98 31.52
23.93 34.16 32.98 31.77
23.94 33.92 32.98 31.77
23.95 33.92 32.98 31.77
23.96 34.16 32.98 31.77
23.97 32.98 32.98 31.77
23.98 34.16 32.98 31.77
23.99 33.92 33.22 31.52
24.00 33.92 32.98 32.02
24.01 33.92 32.98 31.52
24.02 33.92 32.98 31.77
24.03 34.16 33.22 31.52
24.04 33.92 33.22 31.77
24.05 33.92 32.98 30.51
24.06 33.92 32.98 31.77
24.07 33.92 33.22 31.77
24.08 33.92 32.98 31.77
24.09 33.46 33.92 31.77
24.10 33.92 32.98 31.52
24.11 33.69 32.98 31.77
24.12 33.92 33.46 31.77
24.13 33.92 32.98 31.77
24.14 34.16 32.74 31.52
24.15 33.92 32.98 32.26
24.16 33.92 32.98 31.77
24.17 34.39 32.98 31.77
24.18 33.92 32.98 31.77
24.19 33.46 33.22 31.77
24.20 33.69 32.98 31.77
24.21 33.92 32.98 31.77
24.22 33.69 32.98 31.77
24.23 33.69 32.98 31.27
24.24 33.92 33.22 31.52
24.25 33.69 32.98 31.52
24.26 33.92 33.22 31.77
24.27 33.92 33.46 31.52
24.28 33.92 32.98 31.52
24.29 34.16 32.98 31.77
24.30 33.92 33.22 31.77
24.31 35.51 32.74 31.77
24.32 33.69 32.98 32.02
24.33 33.46 32.98 31.77
24.34 33.92 32.98 31.77
24.35 33.92 32.98 31.77
24.36 33.92 32.98 31.52
24.37 33.92 32.98 31.77
24.38 33.69 32.98 31.52
24.39 33.92 32.98 31.77
24.40 33.69 32.74 31.52
24.41 33.92 32.98 31.77
24.42 33.69 32.98 31.77
24.43 33.69 32.98 31.52
24.44 33.69 32.98 31.77
24.45 33.69 33.22 31.52
24.46 33.69 32.98 31.52
24.47 33.92 32.98 31.27
24.48 33.69 32.98 31.77
24.49 33.69 32.98 31.77
24.50 35.07 32.98 31.77
24.51 33.69 33.22 31.77
24.52 33.92 32.98 31.77
24.53 33.69 32.98 31.77
24.54 33.69 33.22 31.77
24.55 33.69 32.98 31.52
24.56 33.69 32.74 32.50
24.57 33.69 32.98 31.52
24.58 33.92 32.98 31.77
24.59 33.69 34.16 31.77
24.60 33.69 32.98 31.77
24.61 33.69 32.74 31.52
24.62 33.22 32.98 31.77
24.63 33.92 32.98 31.52
24.64 34.61 32.74 31.77
24.65 33.69 32.98 31.52
24.66 33.69 32.74 31.77
24.67 33.46 33.22 32.02
